902
1
5735261 92386335
10
816 951
999998996 999999760
844 1807
999998666 999998923
111 1575
999998655 999998911
49 797
999998406 999999281
155 611
999998850 999998950
8
1 1000000000
771897416 852465132
547879885 593220148
805807660 957646006
444608251 968489039
469369231 590588971
307768531 444885064
512598479 902437763
6
900054089 900054092
195336706 195336710
541705225 541705226
218481852 218481857
504890162 504890164
176948079 176948082
3
366 953
999998834 999999703
914 1336
5
811658421 811658426
551999934 551999939
204984958 204984962
457283028 457283033
906009058 906009062
7
724638647 792927115
352823739 915961844
257889991 728027519
361730647 943558971
142866091 554986840
785362582 936429151
861235050 871467361
3
288 464
999998112 999998413
921 1944
10
147035163 267959381
135105467 363460319
439931958 594334217
674550430 682277245
523016752 910985573
22239086 152691509
7685442 657996591
434988163 663426758
74809388 311447529
802186637 951068484
1
272630265 958828841
10
637782515 798164254
469437532 617067103
998363515 999529410
617499299 989657761
899631806 987830819
110270299 120715113
302316171 942712739
417936725 794368473
807234156 989246230
304683874 577872613
9
627 1711
999998093 999998760
915 945
999998527 999998785
128 1240
999998413 999998967
653 1751
999998813 999999913
962 1401
4
113778757 708926237
431443460 840453993
629988896 983073770
941120255 942695839
1
565242825 869517737
2
466764513 466764517
156860672 156860672
7
562 1349
999998812 999999871
993 1919
999998075 999998753
86 1880
999998529 999998797
538 1752
2
409118650 683909907
345753001 488941024
3
556701560 595771005
432405487 552965525
204241871 626171098
1
227470056 808867849
5
972791179 985029482
217119673 965626359
922625549 938039351
846757032 946822773
92273300 281453140
5
396038835 740391772
396038835 740391772
396038835 740391772
396038835 740391772
396038835 740391772
2
568 1916
999998249 999998990
2
913690813 964683837
983544653 989867460
10
36 1894
999998623 999998668
419 1283
999998542 999999795
402 1506
999998249 999998413
280 1399
999998475 999998757
850 1261
999998540 999998844
10
796124659 885444169
945202554 973228741
41582494 775182578
746521455 821630992
255211378 800637277
844930445 992196003
20290139 869984478
380014877 677517584
271355330 704370668
399607107 828838265
9
538946119 746324756
159217833 772483406
212351712 236595603
704801157 978403668
103846283 316995764
766635028 807710645
816193106 942563970
169121043 362480918
231590791 850742221
6
654975033 654975036
579306110 579306112
407522088 407522092
233514198 233514203
270516450 270516450
625290986 625290988
1
465593222 673542673
10
426 1954
999998985 999999279
421 521
999998518 999999318
558 1979
999998738 999998960
544 1746
999998997 999999099
968 1878
999998145 999999618
3
79 1190
999998911 999999080
271 1834
5
50733399 796524248
698996429 705319885
748861660 876333258
770049182 824877489
244066718 894586681
10
1 1000000000
418797677 619806165
1493717 190871022
99706725 535131505
197717701 483840074
258048208 829507468
284233913 837358879
745261896 902604843
250608879 433522769
168871763 195606824
7
181775576 349872123
761912726 978873544
645082167 831230847
725933968 861632198
613683282 634532476
448003662 594298837
929140966 940915080
3
428 573
999998318 999999637
76 1240
6
530 1851
999998747 999999206
760 1241
999998400 999998404
691 1189
999998716 999999080
1
736095416 925401792
2
77370630 230321083
387087435 980172560
2
728 1660
999998942 999999834
4
328953796 950359866
110699945 217161108
179209354 552639854
726858316 946421177
7
479 805
999998840 999999670
248 1550
999998719 999999381
17 668
999998495 999999659
346 372
9
218073273 808746239
601314 632161419
837248738 924030274
121869754 816151592
77615279 224776392
738207838 749218348
199053534 417404312
24177248 811531517
497324154 558781012
4
1 1000000000
117894108 557665859
69205850 125668633
154111138 609581512
1
622824700 707453330
9
571872118 959239851
65219998 553684367
366115810 813694690
215944567 934927664
720060321 753663119
657737634 993954430
545664922 832231027
876241556 891779186
367279063 788102455
6
687851206 687851206
3027330 3027334
810966808 810966811
511087479 511087484
891227749 891227749
766424629 766424632
4
750 1849
999998471 999999220
690 1123
999998179 999999828
1
368212069 973431731
5
263013942 715067417
263013942 715067417
263013942 715067417
263013942 715067417
263013942 715067417
7
652072114 727300155
232302121 300130421
726057924 861784917
228906344 676835158
522872699 644395877
838821015 945405719
559813936 705017949
1
441580665 603573213
1
354763351 456975381
1
305560515 921749574
5
154 1743
999998681 999999475
520 1815
999998113 999998646
68 759
6
66121004 666432960
66121004 666432960
66121004 666432960
66121004 666432960
66121004 666432960
66121004 666432960
10
48619281 605803057
100901013 750091211
922838896 937052878
640619418 730310952
604307496 980157548
68113711 665117390
891385145 930824981
387176974 473965043
854197281 913840162
211495623 782696719
4
727373355 896728353
594891141 883608354
682334443 740091668
358890191 397410887
10
703478980 996114926
49761913 776248773
899039948 985640210
881102552 971358128
230873829 822685333
304410839 738506736
244644521 859787613
951331202 956897462
841538127 921419174
135212447 758127433
1
493243262 955232515
3
812850843 812850848
707119329 707119330
774039674 774039676
4
173865195 769647997
980207663 997024180
789054416 908175468
96313582 914723544
9
664780210 778096193
375671305 528850819
368935225 463112497
221466318 361764657
118183645 563724410
136158229 944512297
686957732 792095240
551323348 735324185
111947663 595008156
7
433178456 735570535
415161089 879722439
255441917 467010446
40803666 689827414
130695061 537398590
925226705 991155194
619009751 717652436
7
627628692 872407678
726751949 828234205
609396942 961673940
643225199 911193034
923415527 999898298
682200383 845513711
36287585 367157482
4
42328672 167611830
575065193 737559302
468938783 675261899
901746900 977556008
5
587 1643
999998465 999999843
936 1698
999998225 999999193
675 1557
3
264696463 810309007
789578864 904474091
323061146 974237412
2
798800645 990630915
231842171 246675356
10
768968775 908373939
87180240 464966928
454185311 863772487
894167921 916441323
76035951 892745384
443219535 641768832
797292997 828094914
781905944 878332759
318959916 533469924
606263121 726471217
8
1 1000000000
164422300 421761391
699009477 787830679
707918290 744023962
890819501 943666524
72381341 244886620
746141394 837070173
845950464 895182440
1
491211413 765740649
5
970 1728
999998066 999999013
238 839
999998366 999999803
948 1759
5
61914058 980925941
61914058 980925941
61914058 980925941
61914058 980925941
61914058 980925941
3
573 1713
999998086 999998398
549 1106
7
34952910 34952912
710262078 710262082
699671810 699671815
165553353 165553354
403335693 403335694
468225150 468225155
107909676 107909677
7
264646649 545557791
529163723 833678332
804435896 941799076
571983686 708766061
260432058 627507804
895123154 982274102
980628820 984010911
6
383 1814
999998762 999999902
58 101
999998012 999999356
406 1596
999998040 999998611
3
542028355 608364791
71784568 400005756
19393691 182977904
2
703 1059
999998804 999998832
1
519894030 842711994
5
1 1000000000
353279620 762082917
572854031 615043832
708235197 845839006
598750338 832830063
2
982657689 982657691
519987427 519987427
5
938685286 938685289
861665495 861665500
262834351 262834355
861093111 861093112
862861206 862861210
2
215394432 702998571
219713699 230313896
4
359 1595
999998560 999999500
573 1311
999998464 999998487
4
780125936 984183565
134574250 295717714
152338256 960755346
331971743 804639022
8
1 1000000000
575254909 787326572
902646624 935513107
308960931 540583820
590034641 882644092
94729934 668155881
80333503 445422152
87567370 710844718
4
1 1000000000
508737393 885564474
941879612 984627065
310817038 667900547
8
212137504 212137504
611986620 611986624
970340664 970340667
272599156 272599158
550148448 550148449
986708026 986708031
880944144 880944144
133222579 133222581
10
165262853 675820203
464562748 839613313
459682553 964496455
737331828 785686871
787005510 962230597
35415107 222087958
557314549 893524845
707514467 902634784
970041839 972970960
366999064 965376748
4
265104686 963484753
141465068 264517750
278299433 986725539
34486840 594445854
10
471029005 998796143
210494010 262083372
627518712 888468646
186114521 540063119
754455258 952869446
1688025 967772956
870582276 871848241
322116671 499618561
283693181 462123474
396869820 754276320
6
1 1485
999998402 999998688
325 620
999998403 999999809
965 1231
999998931 999999767
6
391183041 453025093
391183041 453025093
391183041 453025093
391183041 453025093
391183041 453025093
391183041 453025093
5
60353675 115947753
60353675 115947753
60353675 115947753
60353675 115947753
60353675 115947753
5
1 1000000000
879538276 910230914
902125265 967351544
835367344 931711222
561799550 820448562
9
337313316 485139901
465986393 726264648
356667018 892638192
73310484 657949250
880048988 924491613
418018298 727088148
121264262 319400574
228999306 796793558
996379849 999607075
1
143109028 643991482
2
638 1531
999998140 999999368
3
129955425 823461537
129955425 823461537
129955425 823461537
10
742440502 991982218
428253776 583560187
749612546 802756484
459931951 727467984
334915741 959787036
468681731 592155034
538083819 615802106
560987354 907561689
690296205 851623110
520068364 809204472
10
174062355 174062360
15154169 15154171
844627712 844627712
418966584 418966588
119384221 119384224
969234663 969234667
992803765 992803770
210076413 210076414
743654056 743654058
791098526 791098529
3
1 1000000000
791824770 809000250
125876560 221951693
1
22720369 993978096
4
314423673 713018433
314423673 713018433
314423673 713018433
314423673 713018433
8
118296398 164978009
118296398 164978009
118296398 164978009
118296398 164978009
118296398 164978009
118296398 164978009
118296398 164978009
118296398 164978009
3
1 1000000000
619318166 916429879
421222518 771299432
4
1 1000000000
668751204 871750830
712625632 966371256
831459318 881380950
5
806103524 919418309
248839573 919072115
267478946 322587466
238635848 872163847
110912350 185519858
7
929620901 972107713
69047163 213771871
654905174 953215390
96027229 747660420
849574602 996915037
276939441 470277153
829294994 902624274
6
719017259 919859650
49533457 738122499
618671123 699636199
798433478 896684637
32732698 161736815
986807199 999788222
6
422133925 508180458
833025383 882173781
656092202 805793800
376276892 476088246
214340802 930918267
97650060 945064816
3
296870253 705951704
618687589 973774366
43740214 155303343
9
461090686 461090690
929139833 929139836
103561844 103561846
337574864 337574864
215180177 215180181
507272390 507272393
671580529 671580531
788710115 788710115
139886392 139886396
10
1 1000000000
679998678 891981090
312211940 628790051
127224840 591403479
560686172 686244653
887386629 957249707
710410243 889395966
327980446 470869129
365974756 907471441
567104485 807877000
9
991656533 993101597
891338415 969122422
258887298 695980658
288941542 610259823
841959757 920364888
899658980 921299013
643866891 777382346
609589376 936982477
859347398 886448763
7
997104637 997547583
453611916 520526518
446528926 856136290
987510366 996134980
486513562 753582146
734634209 815608464
435756781 795288709
9
1 1000000000
702500431 951212308
905657417 907628568
498878998 803461696
846155974 906058045
365565925 377361395
735744761 895807187
155703866 832541938
984306485 997798507
4
76672600 76672601
226951745 226951745
716940301 716940304
274844598 274844598
8
448206170 659278813
519892238 854753493
640289674 924504003
231595370 739799596
603814540 645543893
193176740 672594839
880558028 942778799
859485615 886911596
6
792540156 813090497
284616405 438091257
295028570 811899830
891159454 901564419
470812011 767708244
462235115 568196370
3
40413485 925813528
280796293 852153962
935143026 997296586
6
176141675 176141678
890179446 890179448
338818765 338818767
26889096 26889098
466552911 466552914
330947584 330947586
6
969726619 969726620
678119370 678119374
947652389 947652389
26931793 26931796
175496284 175496287
358822760 358822761
10
611417659 680720270
526957775 764121345
830244103 900478610
679647033 809386198
744084199 933405248
204104558 557379677
193295333 230192423
180837299 517790911
35789251 979151622
371782416 917823463
3
370969487 370969488
587360015 587360016
92024035 92024038
10
733719549 824653725
251572750 907767150
766896829 851433263
199354439 595362313
418496229 802853623
73093531 956785267
956877705 974205693
709808017 734074273
333032565 837943427
128794532 470697517
4
1 1000000000
213679906 926464852
247041779 663634770
951102106 975602327
1
728470654 756516580
3
265516692 459766347
265516692 459766347
265516692 459766347
4
500 1397
999998727 999998926
393 1713
999998875 999999763
7
324080495 324080500
138372505 138372507
583114068 583114069
615142809 615142810
736454869 736454873
491868825 491868826
715980978 715980982
8
121673448 175434918
444951598 724782814
541663996 863997666
583969973 998818708
99331948 844178159
559999304 890653522
379459848 554855980
789837039 954142189
10
804 1615
999998865 999999574
599 1992
999998439 999998532
734 1619
999998565 999999680
131 806
999998082 999999359
404 526
999998396 999999291
2
775748791 861172214
667009166 782947928
3
704708164 865225667
708213457 948343876
83880042 756350931
2
135 441
999998712 999999405
7
894212317 934587719
66653948 416313517
11714959 828544791
825816680 983596464
409273920 582263906
213747294 351853666
453134335 456322504
2
486967989 695673483
277020432 442382052
10
121345247 121345252
470092719 470092721
566745733 566745738
589186602 589186602
572407004 572407008
723592110 723592111
557047090 557047092
999989885 999989889
177401640 177401640
110109199 110109202
7
448587768 944896421
293372094 610316349
569804577 888823555
943567550 964503796
202904740 247360525
954108330 993659187
309219047 611834549
6
157610119 652705150
931570272 990705793
512172685 797241533
294509315 441050934
845409094 963447806
913658002 917023140
7
422662287 422662288
90346718 90346720
52015399 52015403
914629315 914629319
390209049 390209050
447893176 447893179
994600583 994600585
5
352124003 557776968
269907211 556614638
426574869 960212699
752267815 828985164
58766783 939743438
1
318652774 465224530
7
915218972 928841046
715039377 865039786
722830236 865493309
622144891 844723880
890663881 942320962
926663847 947298225
811060748 899224909
10
990011842 990011847
309562762 309562766
776118969 776118972
624082916 624082916
372526456 372526458
641791926 641791927
490211329 490211329
416425046 416425047
837082251 837082254
186071949 186071953
5
911514367 911514367
950553890 950553891
706199526 706199526
609005433 609005438
233197373 233197375
3
732179726 872980441
231361672 729976105
109266068 213851657
7
266825989 580958804
498759731 728437408
117071879 124558747
388487546 961877957
786039243 909622664
281027606 932679214
919097704 994086789
9
326683545 442960897
61499780 253719803
660502639 955879165
884924231 895274144
351211412 943067983
242216046 374210610
679462234 772878602
97056784 962403537
338528885 714724716
2
612613194 758040327
98455779 467735864
9
248264464 758636722
550300484 645213022
132954743 438169046
966021744 986437455
377376275 835734511
13216263 392556399
118306224 708850514
2190508 165150452
396474485 459032100
2
1 1000000000
405728417 520102142
8
898246483 952333653
541884749 677082226
138012192 854649248
896794459 933336759
439716247 717719209
557482040 631537084
445913183 825369614
904031004 945644753
9
1 1000000000
739886715 843095593
850830884 935414112
181726363 448045957
111113277 571822714
356971164 804392049
204223294 659289432
267623034 620239815
576870008 756585163
10
1 1000000000
215410803 233567961
563652093 610365783
179818637 779972715
243042289 724435893
34427062 570994308
89740553 901411798
92946649 276847259
154889198 912554091
975084128 988922183
4
400598531 780541620
129558476 167448093
709642053 793443696
210921059 659222887
7
648 1024
999998601 999999800
812 1487
999998763 999998841
633 996
999998712 999999289
518 1378
9
279125150 279125152
64822192 64822193
354478270 354478272
680204379 680204380
666598330 666598332
107577835 107577836
793197451 793197453
947219968 947219970
267225377 267225379
10
1 1000000000
781133047 930412867
982769136 986198417
819406335 846700047
710350436 804797191
661996869 824668395
409579217 777721535
370746773 918222895
169450764 272672459
575735979 668377822
1
187798019 358011087
2
956912069 956912069
376040361 376040363
5
494073417 573737391
367060487 958222520
695070857 926547916
591582555 908863346
49875349 392823347
4
695024386 963529234
42722987 320770092
579792822 973539556
168554227 861919298
10
74899051 361764527
74899051 361764527
74899051 361764527
74899051 361764527
74899051 361764527
74899051 361764527
74899051 361764527
74899051 361764527
74899051 361764527
74899051 361764527
3
562411370 806054795
140336195 533359031
508955853 849245758
5
473618075 506494410
866719888 917189861
113885454 542431289
765119734 815791503
546742522 560121396
9
334710973 384023275
630394652 694942185
166940956 446339178
573205907 984630619
938577611 959287621
716613969 905705782
936418761 993740986
64081634 954912217
702762902 900356723
5
171108078 633677764
306080718 878779279
244233632 530055788
103157290 880204539
132510879 642021041
7
1 1000000000
843263783 913438767
442602725 982677829
880268346 956572443
307792385 629915827
495455284 823099023
248629068 398964547
4
113451439 872993842
894967106 919477446
698643420 967962303
107190781 889623884
8
327363912 901396834
181606282 354909964
436972087 495762414
567719525 734758835
770944532 919734231
288133608 464724231
183216986 605031335
353295834 736692560
3
408210184 548631028
408210184 548631028
408210184 548631028
1
324117978 933868441
8
53 1476
999998730 999999945
743 824
999998146 999998444
997 1589
999998368 999998825
496 1957
999998472 999999103
6
464426318 611122637
464426318 611122637
464426318 611122637
464426318 611122637
464426318 611122637
464426318 611122637
5
35409966 769586812
516203653 940814102
837882552 940618638
263997038 785940955
131706625 193186534
4
225675131 251713789
466597673 800873471
819353980 922398807
500935305 945338721
5
816483565 931898637
584658817 901682757
594502589 765870857
139523945 907330347
491612344 512501149
2
621377570 890216241
384631937 951377363
3
342 1368
999998283 999999406
334 1941
4
941253398 967625004
164395838 965747950
768945371 909598991
361390049 504177404
2
908620593 908620598
666087333 666087336
9
426209741 895106613
54126202 740740447
11947998 341541930
542939354 782625613
696525894 714386640
629461817 843854513
227268819 483275562
380258232 436742219
34202477 521974118
6
625 1018
999998255 999999604
229 1332
999998198 999998416
75 209
999998941 999999299
7
930162812 990979775
428339753 990990978
158969438 997021011
334012311 751875685
57820090 92972110
786134200 793765705
232825110 949227005
5
466254165 466254170
866561553 866561553
350858839 350858839
233977327 233977330
907867508 907867512
4
368 669
999998272 999998451
577 1113
999998389 999998663
8
175733305 175733307
261699893 261699894
567995709 567995714
716090122 716090125
98052955 98052955
227555485 227555485
783893295 783893298
289432801 289432806
4
772686371 772686374
647357029 647357033
335232600 335232600
808566622 808566627
4
61431956 467870662
941627739 943431274
537062779 703664093
58709421 751916110
10
134586500 683485251
134586500 683485251
134586500 683485251
134586500 683485251
134586500 683485251
134586500 683485251
134586500 683485251
134586500 683485251
134586500 683485251
134586500 683485251
1
917131724 953605923
2
1 1000000000
268264249 272436386
7
449295802 702828538
449295802 702828538
449295802 702828538
449295802 702828538
449295802 702828538
449295802 702828538
449295802 702828538
9
606688964 992595496
818444070 906215559
238638447 549843882
287709603 429403247
798299301 945315349
937827063 946717379
473689100 477360029
297608013 366186499
148168802 250615305
1
756486726 818179581
10
615808474 721076812
229326183 908012010
979366517 982227868
802623424 844373156
355889807 754353686
804588842 870015686
856716865 970267839
312207338 503674047
361735450 669416265
186866059 576557899
10
921 1392
999998077 999999925
364 1692
999998735 999999406
323 1488
999998275 999999555
638 1373
999998845 999999380
935 1607
999998524 999999544
1
869454322 989094249
8
347401319 904431633
108751727 807833648
134738456 362349257
41537117 915539672
152393662 275371472
961879745 985364165
70698144 301409750
377871632 801783108
2
95561154 987160206
967585903 998294337
1
552855736 621625510
10
232865773 674126918
294443984 936968668
77664944 511709315
154869547 719225801
48004201 784510808
908049242 981024297
35983662 374693259
409594174 630775318
295286409 799931840
615190545 793611556
6
1 1000000000
266236627 409537754
448809002 507163696
340078741 705023885
883247588 933427257
216343508 959022894
5
152290895 693446405
228016103 729306435
15302907 506617525
802212464 920847293
645628938 759327706
5
409441668 409441668
561756155 561756157
117843724 117843725
757331451 757331452
532685368 532685370
6
1 1000000000
433728486 577601476
986447717 997990602
860563522 881217653
279639825 619176203
773064729 898078876
7
800 1971
999998941 999999785
886 931
999998066 999999558
335 1160
999998016 999998530
601 1963
5
348068727 811123877
541658272 989697237
822968777 939531337
553216053 766673056
746851434 859713679
10
264539563 721798604
914129151 992969384
735706926 748545291
150313738 998133801
140862145 319761044
283919090 997364986
422611379 835684377
807493404 969561107
421557996 723786464
145155860 437309601
3
1 1000000000
975144762 981611766
258057988 533151400
4
81 1253
999998116 999998295
826 1483
999998399 999998420
5
718321527 921655612
619757827 979969642
970533744 983025426
447718730 658351369
309612942 861338459
3
251142580 899008636
863426104 907876747
848469250 996590933
6
432319639 811529427
467347278 750149728
231885852 645263149
745827543 934936651
91906472 320946125
144916816 879256607
8
493254863 493254863
83939611 83939615
768134235 768134238
37792404 37792407
690031684 690031689
963210420 963210421
183034114 183034116
935241120 935241123
6
848945390 880554174
893259670 948012488
408910382 459857401
80565663 236649567
675874815 970313511
163883275 245882481
7
852235919 852235921
227588700 227588705
545294602 545294607
403861693 403861698
724267115 724267119
998174434 998174437
152209442 152209443
1
394270323 963313722
1
726116043 787015689
7
603146039 979529519
299690217 781526528
552714719 578769841
811957532 950234575
367803240 858739517
691472359 935066493
457428205 598740646
7
138008518 138008518
551249370 551249371
508477700 508477703
750191434 750191438
351443987 351443989
837972932 837972933
93865376 93865380
8
886848060 901589852
421989575 648044483
103522704 113320542
380913680 593841898
680442852 964082435
851000134 967199880
113892888 765664842
130854425 713133636
2
935108835 958940649
959495318 975836941
5
364921627 694063126
791871800 870670341
458207521 746312456
330641206 477795844
89693989 979110083
7
1 1000000000
997841824 998960427
939273452 987270100
204354285 925261528
318043658 632609870
337005542 622095041
838072441 962756586
4
22402131 329029098
354524672 800514214
66805091 144135351
37869948 680072414
3
1 1000000000
491789172 969623618
421479942 739145339
4
198705484 778689528
695265224 917583686
231419613 904313917
63315968 862475790
2
500 1688
999998253 999999758
3
493134245 493134246
841625542 841625547
223347460 223347464
3
832 1356
999998662 999999408
112 198
1
631406200 704133806
8
91948034 236713551
557582270 965778217
382366105 725134603
302690115 646061318
774580817 855023035
507118570 563894164
415243320 529511936
446560875 532486768
6
795770250 846287056
863369836 994018289
328394589 433895076
827393532 921569434
215989985 383343822
888573164 998387667
9
348198265 348198266
3111216 3111220
26964968 26964971
124621875 124621880
677116314 677116317
811541873 811541873
190378778 190378778
548292324 548292327
87741199 87741204
10
790622861 818826123
931595874 962461756
583050879 993468522
734153385 999843891
622624683 654148181
219179293 727892766
596846349 918592117
217886402 418924796
798812513 832109886
620727243 789412284
5
242172843 643258043
794215840 850049199
917249493 982517815
827272325 836070976
817227574 828413956
6
351629281 685446521
544190774 704166351
10077607 811675428
748428002 973430164
270664295 400500798
60126040 66019983
3
226083591 776393455
478670641 541697645
636621521 837385777
10
940 1685
999998085 999998500
827 1445
999998695 999998839
697 1398
999998761 999999879
179 542
999998869 999999006
184 821
999998190 999998221
8
778521980 955174977
626630585 815591372
347403005 962343046
244884806 978082873
294167681 618128057
829261564 935485190
960297855 986778751
604446883 766322846
10
112024861 367151588
564650609 782613324
812260748 968334953
202867294 984994690
420145772 979779821
650734041 818787098
992432630 992957745
556801414 675678669
142791390 714936311
149191180 235991469
5
327055235 649368233
732016133 995371072
204469373 322850526
598611454 791355244
613078132 815567379
3
28513897 273950819
28513897 273950819
28513897 273950819
7
77270113 777665919
609998323 612051329
288495813 515562605
505122851 717011550
817580350 928233573
354866881 907891304
485302696 656521433
3
673155067 961599174
411057596 963780322
866324922 908985473
7
216223256 240513476
216223256 240513476
216223256 240513476
216223256 240513476
216223256 240513476
216223256 240513476
216223256 240513476
10
983189879 996830445
716724124 824718279
857481801 930882894
514925437 976409859
644711743 841634133
816999259 933232417
537498297 592852763
849518306 852413608
215602832 398087296
424221162 786647802
1
909656345 942158783
4
1 1000000000
557771472 777856435
514099940 779262204
221955703 517186522
9
671401434 708849467
853452618 860875022
407093697 848714504
444566365 748399067
291171952 318787716
38608563 592264367
71336719 782334663
142009820 925650438
712764954 954001396
9
1 1000000000
762227633 953911036
600039402 807755056
476757567 997011463
950680530 977660824
311809880 784902326
785190834 801291019
435546302 759572289
3998600 762779563
8
97689023 446384711
256430206 533308784
433562129 515504233
329165772 942418011
194737626 904408552
261554275 261756878
451644036 551943223
355006353 491285477
2
619975464 802321663
850508981 910323624
9
830021083 839556065
948625785 972283812
32475947 410064669
642339654 938552364
148410265 250935000
331122479 349430204
886511715 924142214
490472928 593955524
241393803 652596956
6
685728247 749597311
184298740 380952911
761707103 775044158
790890533 858629749
397869326 929351298
967898425 976803799
8
960361539 973616519
21001646 504735743
346520933 473282448
22344327 983001716
149180151 347803986
232388062 880172640
849344176 942690150
935339438 955966258
10
613288707 613288709
605005356 605005359
402032144 402032146
399301148 399301152
775107250 775107251
499957209 499957212
818607467 818607468
432953554 432953554
614262715 614262718
85762576 85762576
3
896448909 979590581
651311415 684725597
593989409 718789499
7
106363142 927597006
742952638 793861170
689842397 716263727
324395001 995096566
540726969 895080991
425334942 499073518
483713752 824572663
5
299377588 675925263
105617587 688049164
257443910 914980433
893259148 923361346
970503181 982948928
1
404104572 627877249
3
779871229 779871233
844109045 844109047
684317942 684317946
4
428683958 428683958
572785104 572785109
43082775 43082778
207124447 207124450
10
780511277 960398787
90380093 769867741
698631689 794291911
463338448 813063072
666282091 677541801
409954507 662571341
643152105 880167005
430747617 843136650
148421168 934690997
403861124 937262945
3
76617631 665863286
57292344 919106462
193006636 385524380
2
422641808 811154973
77567259 476002826
8
1 1000000000
52407236 947870380
457797341 831864664
950090016 962674118
538027915 759984827
356790852 369435396
998033747 998099887
670482502 992294383
6
171650050 750837825
243831574 602100509
444487187 696910566
353461098 843223329
52349124 207056728
737532734 996365044
10
197319042 879451275
927244463 928585868
643792253 896654547
430595829 935646981
89319032 655332929
270979621 721615207
297855640 717534321
170533912 655602176
473447322 796935687
995784624 997447889
8
894150528 989998858
818651789 828098367
706236230 785192829
166065882 799291505
167117864 918667623
925450645 945610949
994279621 999451864
673837641 976945074
1
99276069 688168530
4
892949311 926582605
845528147 906558549
944160631 950900019
219593062 879699300
5
297479987 537863848
403488954 872981897
714357144 882943755
149204048 703418534
11800257 88482189
7
740 1544
999998206 999999442
384 1958
999998585 999999715
135 942
999998861 999999085
324 946
1
313079290 591387078
5
725170624 995853769
688460572 932485184
779055630 931557718
294954746 462113044
708503097 769600059
5
332651414 332651417
304230635 304230636
7454376 7454376
462899868 462899868
15559541 15559545
7
1 1000000000
484290070 606012370
315952510 538951635
270139006 922910656
568599166 676690227
884934439 978445497
272667626 467671858
8
394300453 946260497
102777442 612312435
654928700 995563376
712525188 987199390
280300364 804727922
373629491 653144234
747516467 923300325
55617473 56422717
10
441662845 968853510
835062947 840387233
667288086 939910189
836831690 890406983
510202581 587775864
118418592 540878042
635565014 736978607
74896381 930440838
701018809 935758397
359428295 943234248
6
415726175 934661021
219213457 420552147
463936376 709377845
553721893 707142774
392549350 614770747
776536562 906186313
5
121306183 676799678
111554477 635813353
12693882 383049587
188669940 478926133
654684601 941687359
4
180731309 913779012
293759483 903352457
286039682 464878226
444215207 864843010
2
589624598 820465422
835434009 861019410
7
1 1000000000
999701530 999957889
737464102 999448284
16910870 454355754
919839490 991378374
229007501 739634625
561588927 644655031
4
746 1136
999998036 999999358
906 1250
999998524 999999819
8
675254593 702932649
129133367 401774894
17671387 19630593
568496913 963616254
131148172 954642107
635084920 838802701
364183959 784884225
434320002 879525816
9
738038374 932867617
623944422 748931767
253615457 953777904
717972249 908716029
958285627 961631926
96016023 481089900
951755979 963279821
140703558 995614189
90769439 489820238
3
897592259 917926795
100895996 384227045
859865231 882040027
8
154950836 208421855
154950836 208421855
154950836 208421855
154950836 208421855
154950836 208421855
154950836 208421855
154950836 208421855
154950836 208421855
1
970033801 978578399
7
871656725 881190766
539281932 855517912
831209932 904843668
174323409 406526803
692204175 953166734
955078391 999192136
444720344 844714184
8
700531429 725207511
405803707 760857657
191878479 700656161
196087296 959066145
317724084 417121283
86464727 179424129
741405399 866444272
902619387 971007146
8
1 1000000000
68242816 391690576
635331708 721660306
595121813 743706249
114328608 269001940
283600528 912052610
683401619 828604979
899815619 995555014
6
721 1399
999998901 999998983
747 1744
999998578 999999081
40 51
999998974 999999151
6
451291007 507575257
451291007 507575257
451291007 507575257
451291007 507575257
451291007 507575257
451291007 507575257
5
428368385 827073877
726304689 870085238
814277998 817917452
64220062 339417581
186747046 362481466
1
926643164 937820665
1
125268000 873252530
6
699015064 991107555
611331965 649718894
883919590 895326740
160314332 374066816
881943290 990793914
9171819 945385960
6
968836845 998818083
675400539 883211641
252857250 516075527
965167533 967444172
734290343 929940289
583909575 904008235
7
186573450 373986161
474232525 758339883
820461111 902802163
105240250 858167843
56402813 775573116
608056958 723564126
232204755 929617312
7
683231689 937810655
186851251 348875444
796266980 888637853
970860691 972493047
719537543 880323641
223440994 243060064
286917823 867061195
2
37589533 566593963
674150256 698868455
6
84105605 209332382
134265314 702292073
830787398 983968879
533361580 597849001
777936984 821781987
448999593 762751840
4
29199520 251229611
867195380 898803735
562311870 626676258
692561752 790919813
6
95664244 763534386
53178111 413404899
711266767 919996797
868528180 981242958
639403110 707649753
451932456 957574940
7
381897476 839044455
381897476 839044455
381897476 839044455
381897476 839044455
381897476 839044455
381897476 839044455
381897476 839044455
9
28 1433
999998217 999998394
305 891
999998121 999999078
800 1078
999998399 999999942
642 1764
999998360 999999751
926 1801
6
250033195 721547555
760791229 768324867
97340629 280300023
743688548 933912916
887105776 999943173
831820825 987509607
10
275767213 434081905
623574089 751211128
638042132 735946119
368783513 616524266
131144867 725562274
972109520 982253203
618575414 644940795
666050626 831648508
973416619 995269263
21640644 709814191
6
98639048 606405277
884148360 935753261
303852677 774336611
459124537 603213498
488982287 595208617
389823211 626606700
6
436769696 439672164
258801466 712992621
290424353 330905938
851744156 937569022
854800933 971811364
567481546 837965487
6
682901450 873589334
361901220 699061245
322584099 412063389
813973650 987527276
765292746 766099020
337426176 403495593
4
1 1000000000
722415603 727611810
362884361 995470010
895760484 952308737
9
1 1000000000
378208485 757701490
799597219 802793544
997530272 998542872
758630505 844560394
614988836 790522459
842403182 851873092
812847613 823180282
201116689 370244397
3
824640058 855838636
611751744 868518540
172970323 762304203
3
510087647 576119718
130684146 323459325
62751063 668905278
3
148381681 642596844
148381681 642596844
148381681 642596844
10
674465838 723919150
578349615 835224953
105746044 968620178
597070836 971022274
561716270 716160697
364742786 772850501
492534235 984194306
221780268 435622104
781825594 920783339
492686295 500295107
5
371152287 373763271
371152287 373763271
371152287 373763271
371152287 373763271
371152287 373763271
8
790630201 790630203
274831426 274831431
93839555 93839556
305252485 305252489
884990723 884990725
37043585 37043586
852645675 852645680
138994728 138994729
7
1 1000000000
706186038 815225163
482017195 614873617
819046638 930991803
294993234 415086280
555649681 604485103
608833702 890589108
4
7382587 89524669
217059527 646570738
611809324 727320900
502299002 687431056
2
177219929 802296401
177219929 802296401
4
818876743 966427789
722406396 812528880
883211194 955256464
900875043 955435196
7
74337992 906100232
53946091 105535141
198617899 527152981
778814681 893005960
888748467 920864446
518427446 836949371
666569943 961431099
4
523691058 564197602
172139536 226723225
47454315 838231125
157796998 889668351
6
1938625 482521175
511620044 554337276
304853263 528760444
515043023 546150657
163220969 966023890
475403390 941316281
2
889699424 889699429
162991435 162991438
5
71351969 133528543
670807812 916859798
107794001 594417739
255186016 454164749
262842336 779294465
5
381745968 389454551
381745968 389454551
381745968 389454551
381745968 389454551
381745968 389454551
9
692741179 824586645
594344405 808551693
668233886 694685630
298892159 313855436
937449548 998865205
822736091 940698894
321544291 750008054
361195262 766991245
300572688 459267813
3
65591293 572343695
65591293 572343695
65591293 572343695
4
140914287 448799116
545314872 638591165
248142574 293934248
22621150 355800568
1
36558092 930724837
4
650 1842
999998934 999999966
946 1250
999998442 999999431
8
504435151 928783105
595418751 678307683
244545746 305498958
769131079 953281094
780611656 983291705
99949585 972360561
647061121 665950479
175889115 433908858
3
812 1637
999998678 999999868
486 1083
3
651792980 901097099
887963425 900011187
986099804 997610415
4
633146239 691438993
172125045 327790266
424972402 444746830
419050403 910442110
7
852993384 884048646
295528160 644555984
323920000 366318221
35895771 744992279
501330648 655053686
540403913 608293598
505475732 721867624
1
408035892 433252978
5
416417410 598311822
416417410 598311822
416417410 598311822
416417410 598311822
416417410 598311822
10
662511219 662511219
250323053 250323054
902628016 902628019
574361687 574361688
63832859 63832859
147052206 147052211
409883738 409883741
792661397 792661402
565717357 565717362
340043436 340043438
9
1 1000000000
672734513 798052243
74466832 480122285
106308252 501712343
796086244 886883878
13522621 401232039
976429716 991650571
824544825 849043766
443805422 465199820
8
809329746 854376713
763703075 795516029
182862605 849871858
385039144 820269223
586284205 706993699
447152752 981795242
484253064 576641573
366403945 719201463
3
108 1567
999998596 999999090
116 513
2
337170085 554544525
746555826 811531445
2
274286487 919801100
688092461 735520396
3
477 1349
999998548 999999991
188 1944
5
474 1858
999998796 999999684
510 861
999998573 999999493
747 1009
6
426 1871
999998598 999998935
890 934
999998794 999999832
375 815
999998987 999999902
9
587023885 872584185
413394182 588498157
419743267 899526460
411647280 668770286
159369870 462559917
255939752 689356077
234401506 660280215
636164263 786550654
243556485 492121114
4
771650263 870914877
56581873 559460430
115055342 301848815
786221776 804940032
3
779 1971
999998771 999999130
387 1721
5
626469536 883414103
2406603 98947258
405836773 469881998
864599386 967288816
367762423 505787917
4
216335525 759552522
216335525 759552522
216335525 759552522
216335525 759552522
2
485005554 636200217
938079672 958926808
3
22 321
999998000 999999184
869 1389
9
826628256 837754258
459517195 877775563
723951357 939887563
73996725 247579051
640359633 905897201
782602796 817724997
522181786 973659989
868384776 959667619
258130949 554096697
5
662069113 832435055
255037139 441120712
646992598 948186969
70254393 828967844
893369902 956880475
10
358600088 399087919
358600088 399087919
358600088 399087919
358600088 399087919
358600088 399087919
358600088 399087919
358600088 399087919
358600088 399087919
358600088 399087919
358600088 399087919
9
317 571
999998048 999999485
530 1055
999998203 999998998
218 467
999998926 999999698
310 1145
999998389 999999805
950 1796
10
710555023 792352355
69077093 848833716
862557863 950204941
577698 327939852
554213162 644976641
390965436 591110494
207724535 258730812
915345671 956186640
384648470 605601852
506123938 978437987
1
982950963 983542835
9
1 1000000000
164588138 586054899
601296818 930344085
759553879 970387916
709277199 990044052
171961254 218178664
665352988 897687534
467292137 865286563
548771967 982272916
3
1 1000000000
726584337 962356863
302998602 573189291
4
961633322 970483295
442434873 749646569
467873468 924472894
264623870 282249239
1
159561256 808446238
6
243206695 243206697
163011472 163011477
962610183 962610188
801318853 801318855
130531793 130531798
374057896 374057898
2
285 1038
999998618 999999728
4
823 1210
999998680 999999730
555 1326
999998548 999998685
1
889670447 900222961
4
994057618 998751740
942369328 984555367
262221671 633833711
492262044 710428247
4
507980711 850517442
729732998 739109057
879361493 894676363
143299180 745537621
7
1 1000000000
498576204 802687523
784718142 931028169
539244527 857319793
429944741 703168063
238786481 315638836
23014172 490748558
9
171 1046
999998736 999999810
1 1300
999998516 999999099
730 1125
999998915 999999240
659 1296
999998486 999998512
313 484
8
434 1805
999998498 999999429
903 1509
999998607 999998696
526 1678
999998563 999999746
203 1816
999998908 999999978
3
786 1994
999998353 999999566
537 1409
2
1 1000000000
244789119 338104142
8
576315515 576315520
262277357 262277362
107878689 107878692
441019735 441019740
349037013 349037015
446132480 446132480
178918618 178918621
687423284 687423285
9
520461172 520461174
361157780 361157784
694809292 694809294
591076719 591076719
436728871 436728874
196745071 196745075
803594743 803594746
266885981 266885982
228511840 228511841
7
612162227 837194257
346340984 704559861
109413147 824783422
647096959 664034670
28890946 477499994
551114690 820593631
379661627 864542384
2
77504535 435143030
351560597 788942632
9
131802003 131802004
462618626 462618626
909713528 909713529
113037213 113037216
233668176 233668178
858950167 858950168
141861508 141861511
946640707 946640709
813014265 813014265
6
116752183 518730478
86109199 422475076
857303035 948957906
370294154 576979069
502863849 868380634
39899727 653227523
9
114041619 213423928
790398950 885454599
45693223 442157722
560819475 722768437
804283612 853560255
411394062 750294502
144318155 676480252
85024285 259695195
167920420 551499588
7
213005863 774350890
949929876 980965970
38454222 962535374
277655196 349734348
378450718 823691063
93000765 663803932
163328556 993190761
6
824 831
999998940 999999242
194 484
999998773 999999789
141 778
999998977 999999170
2
40021876 681318693
494960643 518115230
10
86917731 179896310
997081959 997203641
148790441 967855024
523861999 939987560
120577190 356136049
287047793 902371787
424244306 510797570
145770999 808296399
960196151 983545889
997331896 999138441
10
801053265 870621162
235578432 494178239
253667479 941696444
159137692 924023149
770198776 872607797
764236170 944183222
292879286 545682775
333866701 872789413
414847810 989208640
429255523 506545899
8
205800701 871245919
205800701 871245919
205800701 871245919
205800701 871245919
205800701 871245919
205800701 871245919
205800701 871245919
205800701 871245919
10
401407386 559039765
769870546 772520723
118532417 191311886
218641984 793987172
518253940 790966380
53822652 751257952
946371869 956561917
188121735 551628101
449272595 594194925
598585073 776280656
10
555 1848
999998257 999998775
923 1025
999998140 999999699
992 1211
999998087 999998579
686 1609
999998831 999999741
814 1240
999998412 999998712
9
443092876 443092881
922929817 922929820
972981295 972981297
308652624 308652624
7559918 7559922
743579965 743579968
842054577 842054581
1245383 1245384
45492407 45492409
2
21689771 846338015
438237224 872948651
8
725123575 853117079
7878137 13702790
55783085 106162988
223367625 853533849
322509080 400964489
660700147 777421979
158550522 962141376
517912380 536468871
1
177393408 507323075
8
861038697 901507882
516051307 597106059
26429387 242160091
167724072 856389738
271907077 412945856
447899887 840164712
606646118 987155833
968191502 999978767
3
829 1312
999998385 999999822
303 1149
6
219107133 219107135
225674272 225674276
584030405 584030406
768686403 768686406
7025425 7025429
19901344 19901348
9
764 1578
999998739 999999476
480 693
999998473 999999783
280 731
999998654 999998803
738 1736
999998977 999999021
949 1850
1
426876799 530924965
6
126023712 573202039
880192685 965586149
471514282 933107966
706113091 919642788
131274516 382789101
136505693 979157870
6
986553788 990738123
788074045 858355968
450623099 499359275
646351265 996100490
106850911 618437104
162131265 916554758
7
971615755 984850264
416889936 550393984
372138629 812478068
712570022 974819245
162172476 416752593
645949097 892629852
425039204 693754420
4
1 1000000000
950949993 977484522
278125437 876821196
662252957 764708367
4
1 1000000000
177949693 607106252
450450697 584398159
804039749 883665030
9
112624874 159776466
856286771 952450069
405868595 453544203
476333779 734280038
87267285 720587378
616643847 666764983
162906885 176702949
926492630 980874311
557281707 823855272
8
323896445 715445450
578371921 895443020
199732047 470835242
311731266 398205113
397951164 733219962
42599926 686491359
283619689 909329615
783128411 871195704
4
771758492 885107112
198822324 722920094
654194841 822768165
618497724 638742107
3
426030768 845390305
127481950 620941940
280978929 504969796
3
825356100 947401302
500613507 782901647
7399520 607477298
8
162307814 806638531
162307814 806638531
162307814 806638531
162307814 806638531
162307814 806638531
162307814 806638531
162307814 806638531
162307814 806638531
8
375592394 939712370
128271437 907130418
48247410 668599376
740839091 757372411
901748562 929255172
218936669 437670503
433430582 983064438
632394103 955192850
8
241527783 241527783
402702801 402702803
695771767 695771769
572899635 572899638
331123624 331123629
595149281 595149282
797937311 797937315
810906452 810906454
6
96879176 841811159
96879176 841811159
96879176 841811159
96879176 841811159
96879176 841811159
96879176 841811159
7
114429214 801610415
114429214 801610415
114429214 801610415
114429214 801610415
114429214 801610415
114429214 801610415
114429214 801610415
10
714643085 844080107
414749290 497772067
147495274 865945666
277406621 779799480
945690751 965890811
119731124 811929180
578607696 764835195
253935105 809310219
497360667 821588548
568113756 614025474
6
883 1984
999998071 999999707
903 1601
999998110 999998421
602 979
999998853 999999978
6
1 1000000000
818695457 825311192
601560784 691689522
70961081 827733815
544795702 816589573
86363672 640820557
1
487218167 869076300
6
971227504 976261247
276235215 493223356
17224163 694713459
70513809 485412278
720298850 859839143
127834086 184542973
10
400117964 535935016
791508065 980569216
92285374 996803618
756447522 940639323
969816579 976652175
319117062 361460177
200638399 662867747
599906512 731496498
495197431 691202288
826302115 837826667
10
775 1049
999998135 999999824
420 1373
999998766 999999580
688 1768
999998271 999998838
575 825
999998038 999999112
578 1542
999998144 999999403
3
483520474 855421269
604201702 772428691
927079553 949565135
3
816297930 899928858
363508807 700797467
629140835 830325866
2
370 1688
999998902 999999087
6
204565975 948288236
31485497 55905669
806933500 866858627
362941035 750114870
19622199 779491268
454176123 822903311
7
30 760
999998864 999999507
856 946
999998460 999999605
962 1506
999998525 999999981
328 771
3
228939813 228939816
778004747 778004750
990226845 990226847
5
208221807 750554625
208221807 750554625
208221807 750554625
208221807 750554625
208221807 750554625
2
43286073 965349639
319765899 666511414
7
1 1000000000
469272176 889831266
547534147 788732044
736559605 883387151
688852469 869499593
34535608 57968284
389966438 465325447
2
814978920 987439026
737721628 871767033
9
118 1413
999998485 999999896
2 497
999998236 999998355
618 1659
999998117 999999819
585 609
999998737 999999160
202 360
10
635097722 975834340
35732902 907537097
451044041 987365035
254636318 445981175
166633701 740582275
479034811 708908949
577091713 999097913
580908772 755419915
50451747 161767881
692146187 924716012
2
933974194 941648131
211678143 593624211
8
957113665 991251083
12715785 757147804
998661535 999401063
989432328 989889117
113577197 158917133
915288270 946431210
849123129 903063738
581630338 640047478
8
500817609 799465678
586633124 879288510
755629511 810174824
961353883 970972154
211231817 546671928
248255645 602262788
959173405 979170813
304330169 400841056
10
317396516 317396518
793444759 793444761
454879305 454879305
366728363 366728368
168064117 168064117
415320562 415320566
759136887 759136891
338398834 338398839
588417258 588417260
325891373 325891377
1
768598709 992591398
3
922 1709
999998723 999999237
180 907
10
91366560 935574229
91366560 935574229
91366560 935574229
91366560 935574229
91366560 935574229
91366560 935574229
91366560 935574229
91366560 935574229
91366560 935574229
91366560 935574229
4
961282260 961282260
678037196 678037197
460426355 460426360
388288041 388288043
9
415490933 686255052
829026059 929760971
826899704 942140781
576916417 861706031
693230021 924369893
715157611 842092681
80611948 167570786
292324483 777705730
111246672 891790662
4
626268589 637922654
486831623 886796633
712810516 864604348
863533770 966092745
5
1 1000000000
83637737 171278530
290379405 706523069
104083860 484279433
601126405 738449546
2
72611630 392994783
861340573 941402914
10
837154233 837154238
18589277 18589279
522257954 522257956
177863580 177863582
320387254 320387257
831706752 831706753
619292974 619292977
998546523 998546528
123428180 123428185
21466740 21466744
8
1 1000000000
569498173 840242814
228711475 657150553
922281173 951550981
150707790 156542765
173679887 510084245
327393862 658626043
910265867 934810693
10
221770650 654034877
535679868 551328316
608750396 635268667
396821088 472762866
723254393 882122064
165001894 284264616
835008748 851523221
105695559 617753056
91923792 412730603
999375519 999607316
7
317 848
999998178 999999966
187 1339
999998162 999998321
289 1018
999998932 999999982
674 1217
3
127904277 282262019
773064909 974938786
957833221 963770994
8
974816178 975648309
927773486 980955528
662888989 722833226
705326306 750865526
335939533 799168391
309291152 468515498
944117656 987873518
676203881 886370249
8
30992237 775522365
59573685 65326793
694381041 986305267
535134529 639800358
25883503 501665239
790341467 942924785
141751480 409274123
875006476 880544854
5
723023795 998683724
837540212 887298626
885078496 986685163
929966959 968965610
344164331 645480968
4
805 1133
999998420 999999279
824 1006
999998630 999998960
4
852460884 862754523
18230232 408490172
804193504 932174509
574481398 869319279
3
845 1988
999998861 999999033
848 1824
8
1 1000000000
485152591 566829061
1845148 956677751
529280376 747566523
585245776 754808663
813214194 969504829
449385563 770269234
526615388 607825315
7
1 1000000000
873041802 952518541
974580450 982289810
466166703 631163035
195660130 705442088
325770949 981354298
220823914 922523177
9
564651133 613213728
475592843 651503140
431192599 891062483
820078845 921575388
405637484 945944162
597356730 772007125
946480548 958893410
564877580 946419281
568260537 943980170
7
68416161 68416164
913401024 913401025
274370074 274370077
308158646 308158649
489540647 489540650
716405492 716405492
695993918 695993922
3
410519355 855128686
235153240 951069302
307366384 682489554
5
817190083 850177148
45458749 920594016
269673136 357582622
231788926 367433190
108220632 955623777
5
147500837 259046628
147500837 259046628
147500837 259046628
147500837 259046628
147500837 259046628
3
228 426
999998781 999999958
27 1269
6
239 851
999998300 999999693
255 1677
999998976 999999237
394 894
999998505 999999574
2
498 1831
999998654 999999750
1
961932483 991362526
2
345317629 355442865
345317629 355442865
3
37696650 512336322
415662837 853477739
51896651 456358113
5
373659155 373659157
8180671 8180673
827856766 827856768
247793288 247793292
885803974 885803974
1
332043979 574171520
4
672777842 674712668
950811630 968499712
153979402 742380935
705010904 756658118
6
811532468 999585899
622142659 723106811
967631166 969871877
625714290 873503335
11550587 893155226
703017292 860374456
7
721 1067
999998757 999999265
448 761
999998474 999999075
67 1730
999998533 999999765
400 1453
5
675542994 680726493
80826078 247630914
192453523 295323814
748328978 824166079
198922923 975104304
4
959133558 959133563
30683990 30683993
638308594 638308594
813812880 813812881
10
15 1405
999998199 999998504
458 1800
999998890 999999420
352 952
999998400 999999410
806 1759
999998536 999998639
135 1770
999998691 999999912
9
253947461 253947461
140454161 140454162
295726013 295726013
545900595 545900600
816331652 816331654
813014707 813014710
125973417 125973418
765391512 765391517
279502180 279502180
2
294 872
999998693 999998700
8
682643416 847412300
224079978 961490024
802956095 877612006
185283152 994835481
158553030 814761536
516155004 604187626
774900037 912872557
975811954 986122922
8
1 1000000000
793771784 953222735
941629629 979301173
95237133 251221402
292957149 518615500
37991555 518277823
553332746 922132109
768948159 829224479
1
394112402 517413146
3
357585209 357585209
41783735 41783738
414814703 414814705
3
192472712 441070334
137254113 612824907
293020577 918302284
1
985112206 999613500
3
666168668 666168670
800516516 800516516
169084161 169084164
2
903846338 903846338
641651201 641651202
10
358760977 635054737
859368803 903998511
636097691 964229822
735482619 928096065
874387497 965702926
650080728 979717269
893338305 945473292
102816902 493370997
260245782 908280467
144441814 482233677
5
985268778 987344821
736705382 743944358
67910180 324769457
293718306 502751462
48347906 857848278
9
626469762 971649669
301207939 790598564
378251157 756183788
675164924 713509588
199610618 233534691
353747720 999090765
195655945 607070045
451840440 684879562
837333924 901894332
3
597 1376
999998003 999998568
109 786
8
1 1000000000
952491803 962599547
162614429 205149609
709803459 821471780
540948119 790526018
39569460 50923464
784587413 930121254
622481759 762960953
9
814900756 814900758
745406667 745406669
194037614 194037618
38171579 38171582
194887592 194887594
56407549 56407550
647055237 647055237
137495174 137495178
970623454 970623458
10
987071348 997675463
901179191 942736817
537664519 650899664
55136442 76852478
774491814 972510799
609036413 876921530
808064292 884511614
222782832 511124009
417439660 917257747
64646645 147147865
7
1 1000000000
408315158 851740414
760961201 837435541
39097492 115673802
21398914 434245561
830398177 889213230
76080006 269493308
3
212089107 323860378
177542051 273840151
990674360 991543548
4
303041491 747822078
303041491 747822078
303041491 747822078
303041491 747822078
5
444516752 654822197
209460193 371004060
214029675 734181687
624804147 883129378
650436069 801746591
5
471087800 909221857
471087800 909221857
471087800 909221857
471087800 909221857
471087800 909221857
2
27794905 245232929
510271544 559822139
2
562791813 585654311
287514998 481193567
8
820028988 953889223
913132685 991942841
971098829 977749592
283262106 328660025
310570190 345346256
44759677 67420599
241467752 516005855
67103295 380460864
6
598290984 866767127
546561360 640334056
613785650 778933341
526422324 733528878
457510806 524699923
128892362 915359270
5
407396307 861378117
408153166 533114048
597281738 701057444
223887745 523256249
169361723 633243257
5
42529280 394909677
141803270 170308494
39896290 996040832
558127668 668574323
451951148 892978062
7
594226867 651551987
986250196 994020673
941191176 952074099
515063463 876345054
361641469 590635532
234674014 752261848
990562569 996613134
8
33084799 252793673
572030282 808637698
922038152 946842454
419528178 989989541
82483933 97430013
523173995 890944384
25446365 336790724
846004969 968698778
8
794752809 987453760
202325579 628328641
919654720 989377173
450213559 996578860
935241996 950697180
116828479 814793687
267807118 361551318
490966747 823925115
8
291352492 511745578
291352492 511745578
291352492 511745578
291352492 511745578
291352492 511745578
291352492 511745578
291352492 511745578
291352492 511745578
10
810926674 812375897
10626559 128755890
108786362 783606219
754801215 767126084
992328844 995724645
816493704 984829326
49132294 567438885
186278700 634301257
281112042 999482260
6661043 352786548
9
360720832 963393767
813268231 845438613
569920153 591325411
798389168 919925770
916598840 978574359
39267457 537617129
144676131 190347521
605566429 633114274
588955877 746905185
2
1 1000000000
283684550 910964505
10
866905540 977796451
544129065 698292508
229612026 337233994
194265271 589299631
896419241 947269832
264098416 610727161
151268278 508882287
677862453 889644851
420728524 442359684
163156319 547965713
9
528 1448
999998655 999999981
549 1409
999998359 999998814
639 749
999998951 999999570
177 892
999998195 999998261
538 1885
9
670331168 961924339
203966760 594005620
786058875 926137381
567775345 820637773
31360344 428273782
931207910 984339565
70925019 656026292
871317918 960034373
746534287 832989511
1
789044979 844267936
1
919756211 969877218
8
953874743 986655719
339004512 981134547
69890871 483788031
6440690 703719933
614486902 885338570
621365648 656805298
680140194 888399952
942069682 949761492
2
15842210 413929775
106480830 607937613
10
819609723 916867186
855925541 927038704
670011228 803168710
550012206 625918779
735842181 758009274
267972287 795442290
401904069 800113349
482840919 862800255
113865069 834507725
755769035 959385168
3
577977751 630665161
915462869 937105223
646867576 892972863
4
113031816 968935876
462025074 956962955
992621888 992859373
604710023 696547676
2
185 1303
999998504 999998794
3
1 1000000000
629243053 776979284
374282192 428948098
2
867687495 901648035
700220703 968756203
7
452534577 721556394
452534577 721556394
452534577 721556394
452534577 721556394
452534577 721556394
452534577 721556394
452534577 721556394
7
758462353 758462354
244568743 244568745
822090240 822090240
54138837 54138840
166192952 166192954
942225621 942225625
934865466 934865471
10
173886077 955065863
173886077 955065863
173886077 955065863
173886077 955065863
173886077 955065863
173886077 955065863
173886077 955065863
173886077 955065863
173886077 955065863
173886077 955065863
3
1 1000000000
82123650 578953251
297253906 382287838
5
167 1347
999998571 999999378
803 1929
999998675 999999579
168 456
4
966307000 977281105
802341621 857781893
377694938 775731938
17000368 797571592
2
783242139 783242142
746008656 746008660
9
762440244 762440249
144085782 144085783
901102537 901102541
319044867 319044870
171950500 171950500
801723583 801723585
591062959 591062962
837525652 837525655
53867603 53867604
4
31031274 985380814
454810140 786244254
790974144 970399998
123848206 387906387
10
644936863 860964323
458088008 785581684
392710999 696380658
893051877 896834235
55964064 964125058
561790697 862904632
44140418 779968907
48666281 773732492
388377462 816315247
741996817 918661415
1
920245247 962283376
3
641558277 876235261
918890177 945993186
92630084 981622492
8
870624044 960641476
988297576 996845356
705555577 727112418
483247208 558405237
113399868 712267589
531355218 976468785
735151227 969742173
432149677 683014467
5
207703517 265576419
207703517 265576419
207703517 265576419
207703517 265576419
207703517 265576419
10
381304475 894951097
381304475 894951097
381304475 894951097
381304475 894951097
381304475 894951097
381304475 894951097
381304475 894951097
381304475 894951097
381304475 894951097
381304475 894951097
7
818116627 869449056
244846535 438647591
666468371 796317215
303996998 626573465
411533711 588779450
949090434 972346890
29141152 688229609
10
722208384 726816878
667166640 817054476
44779123 288443923
946895934 947307743
963020429 973190678
359651486 445962488
186429229 308335046
879862869 956647922
907374196 952101677
780437064 897031316
3
95392106 120881743
95392106 120881743
95392106 120881743
8
298127457 955980889
877059586 944117309
700707100 990990335
721687899 846481578
339186728 706315476
456737322 516302731
491644364 878380043
608782274 770837261
2
412700681 965762562
674463663 830608897
9
149234895 149234899
72827813 72827814
935564771 935564772
617076512 617076516
541049779 541049783
680007819 680007823
187475326 187475326
260343780 260343784
280927832 280927834
4
424552494 910518160
842077619 946297583
847349500 880064993
611361814 757894818
1
344199534 984327181
4
558827561 558827565
923342010 923342010
511427244 511427244
693491008 693491012
9
95746261 95746263
162844611 162844616
302575747 302575748
287677728 287677732
585757695 585757697
105264559 105264561
893137651 893137652
469856940 469856944
79406395 79406398
7
850 959
999998182 999998552
443 1873
999998868 999999716
442 1324
999998742 999999953
770 1068
6
645729894 663106552
326783816 487344796
871908244 886443684
983976376 984691287
264552527 906498405
137594261 298929675
9
597117964 909531688
741468227 847153446
881708522 980290656
969630854 981553737
248669365 776121354
222516596 488144515
257979078 828409400
738993790 808669843
117949253 708354708
7
396037764 424567229
456490020 683833750
241390778 834175794
231999391 307791217
400674 149097130
993177587 995072867
769230966 954872389
4
778793876 962070947
522581754 935955302
481278428 690361515
944998105 947160944
1
497800008 880482435
8
858417248 865983239
251593414 647402404
708393166 955905256
698741308 968702341
830754000 999044069
288004454 793982959
896546842 976106637
965194764 965526304
7
967254749 967254752
113354693 113354696
47140453 47140456
730054710 730054715
298482286 298482291
679108332 679108335
821790775 821790780
8
944798069 982000119
739838088 837835626
103124362 410053494
370858370 405154839
468161959 759421890
250447222 339414387
661743514 990887197
568146186 758174909
8
82414263 323508983
627545029 725566871
433504804 849728612
199599118 778364779
868891497 905140336
913293025 998359254
957801323 965787586
185024793 578370991
9
397 1099
999998174 999998858
454 1493
999998526 999999189
301 899
999998467 999999559
843 1928
999998677 999998835
660 1038
3
1 1000000000
880019549 902616511
997464596 998386096
8
516993790 715672299
474430169 599467624
432604364 583280899
744948784 837071102
635263162 673017835
872958815 923561152
748210375 950703606
707413999 955458362
8
195952611 693330075
796152313 882530843
777208749 920631897
287342786 316302952
212681880 566676939
472501040 572111582
295581491 446865793
136155844 224180023
7
286228826 620174829
529468654 720446623
99829179 902512659
393156152 923213081
388395765 974341006
212817727 247858967
922138367 990524437
1
378743797 776838796
1
145837078 268340051
9
249560159 249560163
306212119 306212120
463076549 463076552
920335608 920335610
973473295 973473297
970843474 970843478
249193504 249193504
249911296 249911299
334112598 334112598
1
779050721 864392853
1
245926338 336448227
1
789964873 817844063
9
810286319 837034368
544819086 927571247
144673814 171322894
873648689 887499930
641202728 788908488
938659930 959009999
759172453 860103729
639946866 781462014
410629428 924362143
2
949 1360
999998342 999999209
10
381 1059
999998380 999998442
345 1729
999998058 999999348
496 1422
999998997 999999808
697 1681
999998513 999999285
934 1675
999998324 999998423
1
951399734 961125892
10
910448442 910448447
514604801 514604804
273696343 273696346
757547583 757547586
292567340 292567340
582392435 582392438
845201142 845201143
429277832 429277833
40616257 40616257
918793729 918793730
8
769685409 769685413
462382109 462382110
140850584 140850588
474177505 474177505
965783103 965783108
370688942 370688946
79624627 79624628
709383865 709383866
6
269475305 844869927
269475305 844869927
269475305 844869927
269475305 844869927
269475305 844869927
269475305 844869927
1
60847567 636379492
10
506882863 929441017
742572648 866607969
648926167 770474342
354297147 754676850
413400343 653114080
81522905 639863371
307500074 867548720
515527294 949561512
932950024 950772525
495885185 713770521
3
575303861 656249715
620106042 713733922
199990486 759578725
6
60151037 735072549
584549871 586765622
141071356 807523862
505570368 508528769
460666048 616232007
775127310 956770413
5
272043406 341919736
379674888 393918065
46566278 819504671
823966366 996327729
917058693 930695265
6
770326751 807736993
792963 89537978
483778280 546370261
803260015 842656164
346158773 837642150
649694314 759829267
1
800872573 920989266
6
572426199 572426203
145157884 145157889
730408773 730408778
890432932 890432932
445037341 445037342
806665258 806665262
8
1 1000000000
170903915 895042819
338190602 612670450
729570790 886995275
658621995 709524158
147566056 480980155
182065761 202286324
849460717 920091979
3
1 1000000000
876763615 920610744
640369851 697202964
9
769 874
999998775 999999762
60 215
999998434 999998994
397 880
999998620 999999359
826 928
999998525 999998632
658 1912
8
1 1000000000
705908509 821961469
561709177 578518266
678587204 740190881
193418451 569217011
844774291 965566255
401564287 871206235
620075774 796217306
4
125847163 987513630
688041626 875098118
109135036 678255750
227192684 660183268
6
820 1579
999998376 999999106
656 689
999998436 999999656
118 1148
999998697 999999141
4
881178016 881178017
419448396 419448397
786454137 786454140
189927150 189927155
2
784460781 975888501
823793225 911353538
8
321036730 485595942
321036730 485595942
321036730 485595942
321036730 485595942
321036730 485595942
321036730 485595942
321036730 485595942
321036730 485595942
9
379120114 727801823
357315490 982571282
820158683 850961699
11835217 768120236
809548292 839010049
120130934 373968569
557861125 670594105
586048826 689953416
988391362 991945408
7
518973867 744716461
98175273 366843696
217627487 884159916
575646346 827181639
825045369 931920005
537958187 597689782
733754471 946563532
10
1 1000000000
504012559 910004939
620301998 836882066
709919590 889416490
177300870 419990699
176809949 673387469
250088590 793568698
76114 506642914
686046030 694137430
386980089 921147635
8
740 1226
999998672 999999901
160 1089
999998159 999998462
605 1633
999998985 999999876
680 1471
999998604 999998964
1
956179839 994544183
4
664615441 664615443
427860649 427860652
494404026 494404026
280340909 280340911
2
610366400 664295340
527054083 816019802
5
1 1000000000
687899769 960678150
110191825 328685194
342374426 488017238
599690841 988191602
8
653227749 653227754
523199282 523199287
793015328 793015328
100551263 100551266
986809467 986809469
946686261 946686264
64513283 64513283
147800826 147800828
10
322908828 322908830
302226620 302226622
156257472 156257474
764046227 764046231
837972214 837972215
508280708 508280711
281828269 281828274
138011874 138011877
384994726 384994731
459136327 459136328
1
925611871 981560048
5
148055280 511853213
24986831 608962233
566495013 606219142
540317302 962854788
258913621 611422446
3
1 1000000000
327447104 506014218
515526174 935364824
10
73 1499
999998556 999999807
155 234
999998967 999999121
251 1504
999998176 999998600
325 547
999998493 999999569
18 599
999998748 999998941
8
882961615 966334359
133598636 987927424
342667816 717093261
473448119 924233651
585666735 709915768
84297443 947086277
394159664 925767676
481979246 781652587
5
1 1000000000
562297906 612684226
895100504 963263561
263081150 642917197
400643150 781008450
3
198643282 999263981
51094521 881882916
505624528 585800423
2
517085097 521882839
446878528 485287816
10
1 1000000000
792215969 976617776
686071139 896632719
48863980 994044411
623847308 642905174
338556534 583026393
961898605 990126700
401720127 947935042
82930663 667452579
843399736 938224448
2
982636383 990079300
839424687 930826342
1
634793470 781135373
6
867421846 980726729
268883930 348365766
430829353 993071798
659237831 893667346
471126656 836087779
480408091 688774281
10
158359368 307870294
304194175 840369329
767350786 855642730
256142203 470954438
831211034 853459078
115593020 677579209
772705799 945647813
124735070 419782758
641458234 979626231
250781315 919581490
3
842 1134
999998718 999999314
136 956
1
780460950 821312403
1
329649996 546051934
9
872314398 954037458
894294450 949765472
597303402 772217745
743717809 907531762
56697790 775903339
908347497 939474509
874645661 982830442
586123827 669816145
342292647 428354756
10
16503950 793889238
291120497 516109616
651348971 908791178
308281036 647040911
673858713 802345102
899484170 967176251
238536333 336807061
761393563 986693222
569060078 782653429
760900852 818541492
7
333855349 333855354
931326085 931326090
632435585 632435586
115110261 115110266
888643264 888643267
359993874 359993877
126175970 126175973
2
246869109 753117479
246869109 753117479
1
575909837 755560226
8
374082688 716296318
374082688 716296318
374082688 716296318
374082688 716296318
374082688 716296318
374082688 716296318
374082688 716296318
374082688 716296318
10
1 1000000000
561976429 806626441
619281949 959098585
614669996 845591908
659771360 889147347
454618773 581308015
811848290 964710644
876123660 938719497
890229465 930610351
313744810 358694836
4
363293106 457774324
363293106 457774324
363293106 457774324
363293106 457774324
3
767803791 824977092
613815821 703115088
473108269 894710541
5
612474987 788034760
783160313 879725789
133561533 327097298
993256334 996956801
387416281 548553458
8
830035657 830035658
55685447 55685448
30776052 30776055
795633892 795633896
578682190 578682195
224459342 224459343
929390542 929390544
604691650 604691653
3
12231309 12231312
357006096 357006098
135641067 135641069
10
222289023 222289025
574316956 574316960
103218489 103218489
816173270 816173273
162271991 162271993
327568359 327568359
205482245 205482247
537994893 537994898
330581930 330581935
968247982 968247987
9
1 1000000000
174629154 387172681
350205547 571896211
415911430 616947860
727303331 859167539
254298449 342802917
432779995 918773128
124349653 921707306
999225363 999640735
10
984481892 984481892
144267390 144267390
421129553 421129555
867442363 867442368
498878475 498878477
353713466 353713471
732670066 732670069
992671436 992671436
138128139 138128143
298382056 298382057
1
346873543 430605459
3
602871737 928953818
420889759 815636183
993085729 999192698
4
266 1131
999998510 999999562
975 1044
999998264 999999359
9
280021739 349715313
885771276 891373498
948381099 999226930
31079827 513012975
113174199 995442031
608423143 704562125
949808366 992618610
136919341 875967523
56560519 483824439
2
32041013 597087256
32041013 597087256
7
973351451 987928186
478819299 589621762
676245060 967717586
588284318 615158434
793614727 880640753
377632437 543521612
165355519 450148819
3
228740715 618810495
241714773 928281073
202483923 467423913
1
644453217 991854675
2
277082599 362308187
250690343 488288990
8
916894637 916894639
329529128 329529133
917505314 917505314
424387268 424387268
542677576 542677581
945382756 945382756
206049055 206049057
991787822 991787825
7
824242549 925737308
630731992 759954992
712642598 761188812
57726183 304252275
612672565 640157571
115286722 186585889
656941679 893163565
4
654 1370
999998057 999999434
937 1181
999998857 999999478
5
756142415 849286858
816913023 901133160
521977073 950566280
15969671 888592304
247815357 301544756
3
630013230 694881226
805859416 957252450
76565854 687952135
2
972822777 972822781
626749949 626749952
7
755 1250
999998150 999998591
461 679
999998423 999999483
885 1301
999998780 999999831
636 1488
9
871 1165
999998228 999999330
438 1442
999998257 999998310
693 1454
999998042 999998944
578 1310
999998375 999998888
288 1119
9
434103111 654362340
434103111 654362340
434103111 654362340
434103111 654362340
434103111 654362340
434103111 654362340
434103111 654362340
434103111 654362340
434103111 654362340
7
274 819
999998408 999999439
378 1415
999998549 999999382
856 1526
999998750 999999352
379 1937
9
371589185 371589187
340995302 340995307
721666751 721666754
485934613 485934613
896199379 896199381
370051326 370051331
104627759 104627762
459838082 459838087
442433690 442433691
8
536434434 685446262
286023277 479846828
517568300 665837958
661706570 729238586
541413246 609746806
772640080 992673896
325378017 332657856
290741646 686335483
10
1 1000000000
178788744 850773609
780740478 825165780
161108244 459206029
81761559 162527253
1546234 277656334
132510654 188767009
818219911 847098678
530163901 776886375
259190520 385215079
7
774092761 923950114
964410633 995318937
285619291 327535758
319401726 602452851
422608880 572100280
60680482 775771001
279120666 316979611
9
321852904 719557878
261947489 987083377
364447140 685517068
706928690 766822601
628219630 907717087
716373030 717331238
53225996 92678014
321078830 724288025
62411595 849334719
7
978139844 978684102
381188319 603507844
578744976 935483192
702215448 937528684
251326860 514060607
105416630 439467369
839985352 923739762
8
428265410 428265411
758129356 758129357
632439241 632439243
539810965 539810965
936179121 936179124
254744280 254744285
231301972 231301972
806325945 806325945
5
604356920 908721517
978727916 983588900
335707181 557995531
676743231 899111327
566758934 920091102
8
111 1930
999998404 999999730
891 1265
999998414 999998562
611 853
999998999 999999436
760 920
999998225 999999954
7
846027940 908020699
206773229 896848023
700861559 954964910
239541691 575851195
126976916 689157541
974726660 985530660
620258327 756762639
7
545359849 573614273
570434246 860411783
16721175 565920788
84766249 911460469
919803179 936561933
378306917 717836289
101237694 599999549
1
36775963 880178708
10
1 1000000000
318842650 843670009
620865913 718096611
269958659 301592500
13664180 996165301
744520279 875839277
171260568 274110463
226268247 974811329
436797884 703761054
152137839 376409141
1
326375529 699753817
2
560630290 823976799
492525424 981820381
6
851 1622
999998877 999999143
239 321
999998176 999999228
572 817
999998639 999999685
8
128902700 557716272
384523509 731071558
445972049 523070212
395556574 870322689
536951504 746338716
383853871 717935670
365457678 583361324
659698893 777005405
5
416 1801
999998414 999999838
382 985
999998894 999999132
858 1604
6
353370851 428837534
353370851 428837534
353370851 428837534
353370851 428837534
353370851 428837534
353370851 428837534
9
446737994 446737999
985024944 985024945
47602169 47602169
117705431 117705433
925315784 925315787
250386102 250386103
867193273 867193274
501597610 501597611
795106841 795106844
6
189613891 759127548
449972183 674263982
848972684 879318876
665080070 717248418
496919051 770729007
309876173 973531596
4
354 606
999998886 999999880
806 1380
999998263 999998649
10
517329749 782466797
994205515 998592118
712453481 807087526
919601911 976437898
979556133 998308728
640207042 931752865
488252627 531517626
754616326 802847359
926915309 987005624
12010061 628582109
7
3 1832
999998069 999999040
146 1509
999998875 999999829
345 1477
999998161 999998317
328 1897
3
190709306 548622391
956554256 978742516
483853219 778537736
5
287066659 720293886
802411911 935850088
508935833 914266987
833338055 885113012
936338450 973591147
2
148259796 148259797
419474448 419474452
9
362543191 882155429
362543191 882155429
362543191 882155429
362543191 882155429
362543191 882155429
362543191 882155429
362543191 882155429
362543191 882155429
362543191 882155429
7
617 1888
999998060 999999030
458 1777
999998445 999998508
867 1840
999998004 999999565
485 486
5
410584899 932866853
302253240 818318042
814907714 867167872
666771364 705967465
418901327 502641799
2
362101183 362101188
490933823 490933827
5
514 1226
999998034 999998130
657 1152
999998713 999999429
96 850
2
493186581 762319132
493186581 762319132
6
415273902 415273906
759095873 759095875
987947647 987947647
122470189 122470190
954110836 954110841
908010358 908010359
7
1 1000000000
967248106 989535107
350052977 744752405
127575766 864862369
669680794 754534373
766797938 863524041
18755699 595448998
4
509864824 509864828
677811817 677811822
582296584 582296586
72774668 72774669
4
170031938 637075866
439579342 921705757
106484088 429173608
699459746 738431229
3
283406692 305562566
238075280 476810563
904563328 955465893
8
942785231 946965815
287138807 936007908
653638800 742954653
110050312 699819267
199492063 290114694
389568846 694081971
729595013 738625954
511341645 642177890
7
140479359 943556573
140479359 943556573
140479359 943556573
140479359 943556573
140479359 943556573
140479359 943556573
140479359 943556573
3
983 1535
999998816 999999745
714 1924
10
614778941 786654312
310435636 544378260
481780585 704305087
714507200 717013604
102039784 574640217
990801720 998902591
945034648 962025816
629684000 848272484
23936540 956511469
717384146 898760806
6
868527018 956488481
624665287 763294172
311800813 658630956
490457244 917744135
306683379 454778172
752882076 992715798
5
146 1730
999998180 999999048
74 1500
999998419 999998765
648 760
5
208548779 652176598
916852945 989746890
41868816 78309263
359287221 606815330
602115061 987599395
4
90 586
999998830 999999980
360 942
999998145 999999943
3
582773645 920988321
937644151 986140676
882170492 977568022
10
924134151 960645731
38871757 956817072
44136091 902067317
476807386 812197246
685882952 881661334
339651215 911618229
462394187 639523984
172479693 368600788
11080352 584422310
751448116 757199902
8
1 1000000000
479896191 512577248
707679933 893894229
530454810 679251227
923279925 931086745
130185206 675695553
307122690 993218380
828371230 858125956
1
998940614 999767828
1
535160948 885565380
10
555 570
999998234 999999215
344 1207
999998774 999999182
601 1605
999998654 999999743
536 778
999998639 999999526
221 1138
999998863 999999601
7
982794845 982794847
637259671 637259674
919753787 919753789
371917580 371917585
212534449 212534454
415080312 415080317
631429826 631429826
2
1 1000000000
250663621 386311641
4
6 1591
999998520 999999461
247 766
999998591 999999016
10
1 1000000000
214287631 729808375
351309282 669530765
196483099 377036157
482847971 676004081
126912291 329269674
345083340 575853686
277979598 362833301
716758364 947366919
798157724 917041147
6
566074476 846407292
989812048 991164946
818184723 834612382
139753018 974419522
10045768 544243382
376834182 563374100
3
954931934 992947807
671712116 730733154
212144674 237319375
8
1 1000000000
289522042 929526161
404304918 673508657
825006666 875520895
569561085 600320022
100242466 255489811
666377275 743354390
910137723 964382618
9
72145216 353071909
735744782 872484630
849113920 900413358
895075160 925141015
429546661 631232654
552382799 742693963
358575606 845315569
329766247 887381383
964996097 969207669
1
240009956 499173624
1
143972373 870515311
10
229949226 262665763
229949226 262665763
229949226 262665763
229949226 262665763
229949226 262665763
229949226 262665763
229949226 262665763
229949226 262665763
229949226 262665763
229949226 262665763
10
564995573 612720338
438552472 648935724
87443235 608182035
431377529 463791565
242909911 787133238
176424148 769975158
483229403 683866111
688618690 952569569
205482860 987284971
334030617 430378280
10
83218635 83218636
817954328 817954331
567919280 567919284
652657928 652657932
8666687 8666688
559948687 559948688
690617249 690617254
906844842 906844846
196086970 196086974
419467253 419467257
8
193793112 695290963
697449272 963866027
130363797 167842876
358839375 527783599
217420887 298981686
566260525 833985660
40226364 754299445
38211224 663494959
8
827514812 830673974
757263138 886003542
182660734 283104476
408690526 411419315
840527891 901029061
186989148 949565561
769692830 925755897
638423037 795281312
2
619916959 619916961
717014623 717014626
5
692134042 692134045
599072995 599072998
905813008 905813013
569668968 569668972
567462531 567462531
3
319685293 336164923
863866669 930851522
873178376 999860596
4
313372652 346758864
875456683 944318305
34419073 122766616
688818307 845565027
10
710475199 782763664
817998659 873602413
707495936 847636798
544339700 994584082
668333512 922288985
620426284 977291245
344450153 736618429
806410546 883017220
318740758 927831904
252720873 327336982
8
329534002 329534004
909677619 909677619
202357518 202357518
365588852 365588852
33436401 33436401
270051754 270051756
674831022 674831023
211211653 211211655
7
315465819 898459053
617598020 947503011
574582846 910744108
972128621 985640074
771650591 824561280
512015433 851286684
257517209 673589187
3
1 1000000000
541234957 956474803
989066249 990705738
1
624681614 714942734
10
467079809 467079812
179290061 179290065
964261155 964261157
586477841 586477844
667588985 667588985
63813445 63813449
712653355 712653357
534752324 534752328
810895352 810895355
69941934 69941938
2
27886016 491206457
391916611 908130250
2
724098547 724098547
75566374 75566374
4
29203944 29203945
455810336 455810341
914317141 914317144
796630371 796630375
1
227635443 489980376
4
863359503 941685052
650105008 987736170
992122686 999421711
980330824 990513385
3
447701974 730552432
563222329 904564895
314843459 693177560
9
540 986
999998751 999999336
771 1565
999998506 999999603
8 1949
999998533 999999185
199 582
999998228 999999221
696 847
3
771 1611
999998240 999999191
760 1205
7
1 1000000000
948645903 968166812
498442916 536562092
899349072 977484642
662105620 810388361
435456633 438517692
945132530 958929537
8
448091374 504280523
617148621 655436347
433400210 567284721
499647306 808445877
132663834 424464374
790429053 872521180
131872492 464567968
610744683 742311409
9
294 1573
999998154 999999171
65 245
999998237 999999540
270 487
999998643 999998982
109 650
999998741 999999680
617 1656
8
689922948 689922949
10746437 10746442
730836568 730836572
806130652 806130654
401325714 401325715
478353621 478353623
168190015 168190018
181712418 181712418
5
647856279 864396300
267102383 449017047
107513647 207701740
860516319 910005513
652518189 731776693
8
112258144 966563780
221300930 322778970
940436396 950558216
548212057 643165263
705848619 897274343
669562555 822833357
437558971 504534386
105543473 677075680
9
542284728 546177938
487591591 864158384
159558060 585417387
384809403 601033697
21622678 753602975
290498004 908918929
968777269 977647845
66507164 918794247
276506731 451240684
7
744057608 744057611
784017782 784017787
220032472 220032472
525514184 525514189
189744555 189744556
732189039 732189042
635072063 635072064
8
307618618 561521766
307618618 561521766
307618618 561521766
307618618 561521766
307618618 561521766
307618618 561521766
307618618 561521766
307618618 561521766
9
124645779 581730490
35903789 505117343
183668485 851892773
240010567 368485291
888835117 974186959
111535308 382399257
623790058 631720327
536601181 544910757
611033641 981349016
10
400193914 840708711
711730726 923370205
747490165 937772167
532385989 724316944
194554503 391677751
787036772 839202952
853015841 896519566
170292185 413245504
970391328 986697493
918745546 979913751
9
375535379 749347218
568840052 644084529
752032006 810771991
278023763 337371838
41658948 313753729
896670728 997348052
298275725 794956896
999381477 999605438
425269263 832112475
4
882037407 991892828
164678367 247041037
307026139 308990520
661614592 765745840
5
898281233 948680172
238979132 640358610
542186517 640785425
978420265 996228907
778192815 785932531
8
614702599 783814015
388889620 846013331
928024047 977946037
365033455 712651952
724266257 728175594
137932824 162216275
671837331 950185472
413345066 633936978
2
475210458 686550821
214820683 844786382
6
444596635 961536562
94257171 720355006
694865187 855752075
714943301 812786157
128062737 668329050
991843930 998783260
10
1 1000000000
364736054 908302616
12659316 740103591
101892795 785958496
347939622 468082852
964328893 981616155
957584135 963672078
957369379 966381076
238984129 995766391
843093048 915272155
10
701745295 769360850
411609530 574734374
168193414 705271197
899638632 951311849
327555185 423919409
477048489 704801601
909482986 910922010
143936270 554652025
343088721 486632746
872958267 978648752
6
528354643 607863930
493602950 836407327
659747317 695064929
542514297 667859905
61659183 831012219
458082807 708456516
9
847386763 939613573
999844380 999874126
177617605 633147795
139083715 331857893
992425941 996140852
731484564 777611295
308328010 910111517
116887261 215356956
907451693 931324142
1
229590527 565674014
3
945685113 958151784
169740891 328712173
901902145 915701440
7
238964017 438797859
906749028 913578877
670820532 697363226
279000030 681815352
670912962 705764665
838307247 943441497
359269958 576457207
9
125526963 263142589
485249602 705076633
561447521 620906600
787337124 940076248
418472320 829115496
809540593 934121556
460821214 464972698
75547620 680512740
872540288 879555970
6
792861825 871528911
26226246 542819336
145383691 391396997
486357977 812035413
447160733 649571068
818363019 942233424
9
1 1000000000
929481256 999446627
503005534 860837022
168754648 188709062
115326871 171213395
912180884 985993750
937774842 968186455
612071108 812865198
29314386 337509014
7
577343055 994802503
707933053 901207075
146322585 938516469
210508218 935656251
883219961 990994469
698129648 994660575
183681093 469873460
4
498810357 498810359
230242308 230242312
448925278 448925278
152159107 152159110
9
986666739 986666741
327614286 327614288
361676817 361676817
430523425 430523427
892902908 892902912
902396393 902396397
31173583 31173584
371286847 371286852
221687827 221687827
3
51198951 283297230
602270595 834834563
620686855 983871857
4
256 1534
999998746 999999673
433 1974
999998779 999999318
1
464750529 593456426
10
874996226 909305093
980929236 987440772
17420928 700834441
839953601 989808720
264140137 351017818
804603422 902532845
399858253 470146995
117494178 792784573
247707630 764680795
800916502 860343931
10
678280656 822691338
323268881 943876242
982271325 991193887
816772596 960493061
857254808 992877125
172908836 236621819
219482799 752147525
770523133 953144837
929181971 953771712
762460141 793480260
8
573241131 573241131
133140512 133140517
274097638 274097640
204813681 204813681
746882093 746882093
307171589 307171592
426479919 426479924
574056676 574056680
10
314 1435
999998432 999999892
361 431
999998353 999998366
83 694
999998575 999999822
465 1081
999998848 999998952
63 395
999998618 999999958
8
620050540 620050542
101760684 101760685
900684684 900684684
295562407 295562410
267929852 267929852
371411745 371411746
884666482 884666483
622344076 622344079
8
159523314 159523317
603410479 603410479
767922092 767922094
107840939 107840939
564483360 564483364
823068977 823068981
370047467 370047471
20804834 20804839
5
878502739 952473776
353711619 701497792
787479829 791536633
701697859 969407549
407013407 548429844
6
1 1000000000
610755854 905727989
534794728 637091689
836352722 961883686
262756502 284570877
623083197 872247793
6
187726821 836139990
428316781 537289433
281748595 686058025
476945261 760505028
497188175 977652450
432825103 918452525
5
47710282 428588065
47710282 428588065
47710282 428588065
47710282 428588065
47710282 428588065
3
488393538 959090310
488393538 959090310
488393538 959090310
2
28768935 283087488
28768935 283087488
5
897050809 897050812
388987341 388987343
165513100 165513100
228256289 228256291
163821778 163821781
7
227 1421
999998310 999999196
694 1389
999998312 999999760
247 497
999998469 999999004
180 1481
10
471859109 775341680
443191968 519411729
246729564 362998381
86930294 961496830
305444217 984278735
857166990 991308230
608572634 896282595
348559615 793796421
650578879 752460341
541765337 627274244
2
268334089 331313124
268334089 331313124
5
5716396 307807590
602436309 782869894
660118904 831357529
796177109 875958269
822052471 861217658
10
614341100 986385993
820680952 820775453
92519210 782753249
803393784 850098947
694235402 918741794
515597875 649908336
122464570 890314628
365329111 758694482
33895043 183841237
524468543 525957106
5
657117305 744460962
978912604 996281398
708183910 799801212
640786007 816256120
527223860 766723534
7
151 1084
999998662 999998917
584 1233
999998189 999998777
33 307
999998927 999999526
995 1678
6
1 1000000000
294177399 593502667
457043613 871350816
395263972 722166458
745967355 985864435
219553159 906182586
6
964946323 964946325
691446678 691446678
590691257 590691258
799652921 799652921
50985456 50985460
860578255 860578259
9
355099067 764750150
355099067 764750150
355099067 764750150
355099067 764750150
355099067 764750150
355099067 764750150
355099067 764750150
355099067 764750150
355099067 764750150
2
682092210 698829199
110866753 250629215
8
1 1000000000
574553317 988799086
526660457 734400700
489791176 827599628
300468940 489583851
799761015 826000086
465344029 646796906
260620619 444781168
2
336147192 583107135
336147192 583107135
6
520184826 856823380
783960934 883219126
450084570 493632247
122071484 338330542
154402150 159425692
137161419 673231206
3
690469942 781416216
703618982 712616689
827837886 957737088
6
884276409 995693310
748595914 934437120
861539328 934542003
770604716 963959064
412942599 785119013
85359451 271055604
3
481773292 481773295
529156041 529156045
628864351 628864355
3
254895240 548526709
254895240 548526709
254895240 548526709
8
666277675 728588428
708062695 971027099
880890803 993481685
550048123 934561131
12092073 16058232
885058667 949827010
881392486 945081256
811390733 980961605
4
1 1000000000
114860426 991034118
562555731 750888690
145005091 778202044
9
133784455 133784455
832793312 832793313
777333549 777333553
739739540 739739544
655114281 655114285
805004889 805004892
474335344 474335349
592063795 592063799
381503560 381503560
6
172267321 241842533
308103302 840388344
588316727 963312460
996755941 997015717
864382642 977944596
28367511 630039545
7
524973100 563432983
752245936 824134815
532571273 990742187
154287769 347729765
668530868 904570301
155529421 997798380
279546787 394152739
4
380464982 507829620
352317973 601921614
36046583 290139533
766690553 854013991
8
9440001 463536747
56521215 836661108
700657613 978009591
595033536 814280825
623211654 939546063
35421883 362735649
665027838 676458751
757699227 763932951
1
638234869 667408654
1
893373984 965511764
3
1 1000000000
274831138 703274060
916049131 959700540
9
1 1000000000
278068253 490267102
161848864 402433400
38431041 475927059
102160840 335759983
565427376 670370017
895848989 929924749
224065380 486741786
368844625 462718536
2
562747922 908091251
862831793 951712000
6
239938191 790618294
339552440 345235753
474310859 845983082
406421621 876902978
901485812 916394732
541382986 563818829
8
245106521 624295505
245106521 624295505
245106521 624295505
245106521 624295505
245106521 624295505
245106521 624295505
245106521 624295505
245106521 624295505
1
458451878 963027279
7
232898998 259847563
471788969 990676720
436180673 482988690
720780534 781270689
734808211 879525608
832189428 963131017
13856639 292993506
8
45325183 45325187
204828806 204828810
390093726 390093726
735214507 735214509
628487242 628487244
470912402 470912403
246620459 246620463
936112737 936112739
2
607444296 893965968
110506884 797778154
8
168701313 236377892
97425712 100357495
144125806 860431853
747597593 904025229
524378488 540169162
237118797 544228270
379711120 647225896
763512869 926738348
1
577956162 837071961
4
87392253 87392253
888467778 888467781
346017546 346017547
260651199 260651200
7
936345887 992112212
522200063 967767762
233601945 931711670
319209262 751480289
99811111 904945095
532108683 644356861
151502418 900593100
3
1 1000000000
231050035 544965305
453355230 526854778
3
1 1000000000
254049077 524497017
113345946 975602967
7
311 1558
999998299 999999268
438 1125
999998980 999999271
958 1419
999998402 999999856
96 1381
2
765149397 765149398
950845633 950845636
5
556 1132
999998385 999998432
85 721
999998273 999999557
992 1959
6
71817591 71817594
520063236 520063238
649974618 649974621
212547419 212547422
532389797 532389797
483040814 483040814
5
493196281 517937471
493196281 517937471
493196281 517937471
493196281 517937471
493196281 517937471
4
9267687 154893518
951879834 975531010
180641884 203604083
135442952 329069279
2
767211454 959946052
863705284 983592701
2
341273370 361327109
341273370 361327109
3
389855654 989001265
750470250 776099838
391437393 829123367
3
531378579 708240655
724407465 993589039
366315876 475509226
6
666176330 796171708
193672811 529136179
614554619 876748469
424432560 786834043
673986774 868457304
318007540 751324350
4
925619877 970922909
607577706 844584744
526029264 800237884
883863181 987651374
1
705011770 757434016
1
168348526 663287502
2
259644339 866737367
711521757 735555896
10
113813315 681320557
97619972 593215212
445061571 791244808
113173982 426552092
574275851 994934337
404016880 751281811
681727160 902980621
486163055 938373756
177776711 226242995
291522363 412258395
8
525231372 708839517
109985504 797371121
901535868 964525264
522873288 851545296
929157007 969313657
401930013 915269122
211078057 849160325
276516779 525693553
5
622969211 623761733
74405702 174383597
218907904 410069617
19664054 151929312
989760202 990950734
8
851976913 851976917
759575639 759575644
293992070 293992074
48195549 48195552
176737744 176737746
532605928 532605932
746041066 746041070
913400488 913400491
9
191711160 349455287
968162495 974857182
857255366 915238382
146285305 669091830
952261848 953579170
380976685 688419615
800718833 869244705
640652389 877804520
558568221 746985337
6
327 1966
999998566 999999159
375 1802
999998801 999998824
32 1419
999998651 999999364
4
320412279 338787194
326389554 927821131
872290906 898413348
855825674 937101081
9
976391525 976391527
310627843 310627848
706635814 706635818
364612528 364612531
850301720 850301725
693582321 693582324
120562250 120562250
710161878 710161883
27197562 27197565
10
45047004 84921604
42891637 687622385
796295309 899771678
651260108 895816815
390887796 467915456
199725566 979557595
66204476 564759870
618749396 950841932
72803226 872577970
799820076 885045614
6
898021303 938882999
772146930 859929436
482247117 778731844
875305228 955731813
520325646 875470099
274368535 899311471
10
222912584 222912589
152217574 152217578
951117841 951117841
666106398 666106400
383661334 383661334
956427641 956427644
699497029 699497032
26290717 26290722
258711748 258711752
742006734 742006735
5
776805588 800434570
324915816 783686429
945388226 948872952
434075048 680195654
521124704 995738955
10
690366665 690366670
763257270 763257272
833528780 833528780
694853310 694853315
129046928 129046933
788597413 788597418
609217923 609217927
252643201 252643205
173068899 173068902
353151331 353151333
9
639229719 639229723
14439956 14439958
110297531 110297533
989707130 989707131
904746863 904746864
431144060 431144062
8708733 8708735
845201053 845201057
890243815 890243817
3
156666563 523576645
156666563 523576645
156666563 523576645
2
582840078 997211211
766586145 987780826
4
802 1501
999998768 999999698
347 1966
999998169 999999895
9
125713135 770067514
246981924 929084980
71464017 444393604
981869531 989573909
891952433 990723994
421892967 724526468
791748037 954968754
711707108 781025215
62251400 376603588
10
807 971
999998692 999999716
586 1413
999998424 999998753
424 1340
999998827 999999511
545 1081
999998676 999998861
697 1750
999998718 999999895
9
473 1623
999998490 999998638
420 1030
999998328 999998618
26 1370
999998024 999999119
341 1359
999998177 999999807
514 1131
10
543115405 543115406
97654991 97654996
825391828 825391833
532670706 532670711
407402976 407402977
734907039 734907041
373361338 373361340
151197867 151197868
311890943 311890947
276983744 276983744
8
229873129 594996956
229873129 594996956
229873129 594996956
229873129 594996956
229873129 594996956
229873129 594996956
229873129 594996956
229873129 594996956
3
501979488 724272812
819482514 908478306
573448581 720749902
2
33595998 487365758
33595998 487365758
1
782180318 816164602
3
330656415 409749417
848383039 859573460
345052654 497829215
9
111957992 537694054
111957992 537694054
111957992 537694054
111957992 537694054
111957992 537694054
111957992 537694054
111957992 537694054
111957992 537694054
111957992 537694054
9
486377252 637506467
56061391 517202700
915700922 965825302
828245183 882379946
726391749 873250828
377161213 964053189
333400107 901909978
265338237 753877541
100830446 349564141
3
233493020 435805038
425171684 684842030
360077981 516410089
2
161124139 771951038
908530583 925582047
7
460034616 460034617
200036661 200036662
294839013 294839016
475312509 475312511
569588304 569588309
405854345 405854346
714287114 714287117
7
808551332 964452907
421012688 740644387
337246399 874756335
885669115 952415401
77063379 625153024
955339655 961107799
227983015 532901705
1
291772479 503323527
9
1 1000000000
915482469 924746957
784340261 919401081
968749180 977216118
688883716 859466491
169797286 521812581
117697083 847084197
457259974 814721210
552476553 694674264
2
832 1025
999998064 999999569
3
674847810 674847815
851287070 851287071
240759263 240759268
2
945924754 967229521
795025160 958980324
7
1 1000000000
165040909 908361040
263573507 789220945
534983893 608751452
426057043 779122547
261012157 695755808
154734243 732727863
1
298705395 754138808
2
228928677 764756456
518810374 643746982
6
483357191 483357195
683593014 683593017
549337374 549337379
976403432 976403433
308605429 308605430
627555910 627555911
1
107621159 587246021
3
735255279 874206180
698990409 766292418
625122565 635392087
7
865581272 954302991
121558657 209637993
983755619 999984389
87967616 558695445
517517823 997720557
627202779 862943903
732572540 967581991
3
68253337 353045597
68253337 353045597
68253337 353045597
9
946232127 946232128
920760540 920760542
967950482 967950487
176816303 176816307
767890778 767890782
17877153 17877154
585332760 585332762
302953331 302953332
761025091 761025096
10
1 1000000000
717554169 977012038
848662690 913896692
951081982 961348323
838695987 929748700
918772842 938934128
838843858 840518206
368386509 949743689
33887795 922256319
850739022 900821266
3
10146664 399437044
156634690 823492220
268091614 446623850
8
312438534 520621538
922569401 939864247
208534607 484571129
120227242 680113533
956291374 963338506
829788535 900810739
149922789 449228265
158004896 914127150
7
113782647 732890043
32659994 338651044
69723997 995765225
916421951 995180273
737166762 967968275
650917976 810253557
723193085 933343015
