181
4
296320481 296320485
823148954 823148956
865340499 865340500
224882719 224882723
18
493540236 938685181
531169960 573864814
242293829 906412053
308104502 724532728
148114762 776944009
625920662 648145621
656447035 729669115
947626232 973813828
712900686 888459303
881837714 985047678
612211142 915837131
833800538 913837390
529299334 874358246
134180642 649268314
373222985 443595851
853852933 982071244
995334025 996979608
51576652 742612454
82
151248143 380948232
987157328 988346717
804839857 822360594
90137273 649400427
802143377 918922317
568558428 769029450
839603309 878175667
996809031 997735611
699638693 818437879
618588387 913675661
832674080 886925952
381137198 819489685
288681779 622510468
248869221 622371254
411501189 449125942
273713336 348826794
661663253 897171815
685086310 705869733
792606618 865380451
466060495 718472299
610629409 662691076
992538995 994001198
841010865 994938387
727615975 813329005
469568984 856723949
130680281 345341380
424317347 548092135
157885397 658343996
740517284 954605408
350947759 793194795
226587422 368039815
610106606 984500197
668142537 775077774
250727733 460435532
329271981 963884023
960258060 985745947
355018701 614358850
22410137 954214936
767984404 819596823
254250280 668261013
720689000 825192830
987198199 992865585
828358628 963893381
207276700 440908514
980178088 988689747
486117234 577327511
644109762 865700654
421338779 664708834
7647611 78740806
979956426 992419293
517864345 995064653
4092618 126465758
654452310 796465784
175017389 374156762
880862660 918385009
53456768 510251722
768328215 849434252
900377869 956744611
451532228 878550184
624955972 846867703
43758023 607803571
149751426 746112359
517672700 930333197
10305649 648783302
253463138 413176306
417128258 872939226
448224627 480084334
730732700 975566852
545247482 849521274
758661212 960537852
670338901 782679614
716010426 854196115
651849658 802150692
943805043 957930877
90731990 558464705
426374235 695557626
853193721 906197252
348635394 397722080
191481868 655266641
31808030 129758112
206146300 789934036
665746382 768661531
42
599 1061
999998228 999999802
264 421
999998858 999999349
700 988
999998141 999999297
710 1481
999998544 999999313
793 1307
999998756 999999963
475 1414
999998756 999999381
11 1515
999998620 999999918
124 986
999998471 999998734
334 550
999998756 999999887
798 919
999998726 999999092
755 1685
999998228 999999399
716 1313
999998738 999999375
764 1026
999998068 999999253
414 766
999998291 999999116
833 1750
999998224 999998755
423 741
999998063 999998425
357 1213
999998710 999999892
346 1168
999998433 999999601
935 988
999998210 999998778
183 1614
999998761 999998948
277 1397
999998303 999999570
24
223585735 223585735
148582405 148582409
705942593 705942598
733539536 733539538
841158840 841158840
751571284 751571285
504509259 504509262
860445981 860445984
606263611 606263614
860059662 860059667
396780677 396780681
332542583 332542583
777216063 777216063
77421193 77421194
815823179 815823179
847719232 847719235
678584511 678584516
542579620 542579620
367680915 367680917
515411939 515411941
707091470 707091474
771624530 771624533
766815289 766815292
799693548 799693551
15
203686057 390010091
203686057 390010091
203686057 390010091
203686057 390010091
203686057 390010091
203686057 390010091
203686057 390010091
203686057 390010091
203686057 390010091
203686057 390010091
203686057 390010091
203686057 390010091
203686057 390010091
203686057 390010091
203686057 390010091
20
769 902
999998567 999999528
76 1250
999998196 999999581
964 1186
999998605 999998926
167 1613
999998803 999999829
586 1208
999998234 999999687
151 1931
999998642 999999383
467 1958
999998662 999999074
460 1850
999998896 999999314
579 1815
999998073 999999951
336 1392
999998869 999999410
9
619615191 619615193
452518808 452518810
300257775 300257777
166464053 166464053
875363923 875363928
610630374 610630378
627109054 627109057
344154026 344154031
523143521 523143521
3
334596555 620786945
902185250 952393866
554219430 564699182
54
1 1000000000
153546508 366764069
152010880 905142615
294131108 840170877
393558324 802214809
850908872 956101988
612000902 671568139
868163116 949417466
564220763 866710600
599012986 670643740
659899121 720607078
937321722 952380214
17257541 965989107
565528225 653227829
773823518 981901881
909853632 943459184
94283916 343808829
53056531 228041964
201909021 453732608
985901762 998079919
431278658 924642490
39946295 312340422
658112034 710958191
380476667 575183818
187515985 515401411
527861467 920056517
299909681 985722065
448241130 615487713
298151563 696719453
969124425 986425416
626587781 973719342
805987625 973075949
476062171 530674631
382801372 570805244
299118448 593827133
996880987 997367838
305316167 375046919
497631532 643229340
140221021 858453802
365632403 902044954
989042165 990251233
527787451 703126069
973371845 989930948
887854307 968284639
474114960 773429668
768864450 954852452
424328020 723815008
685215079 744862914
606808433 858021194
162435745 670598181
380995639 552647222
7975261 446851937
137574730 531802652
745876002 839400735
79
141033886 663560302
864697080 923422158
486121252 751162818
247449823 984091651
198859791 669817636
757723320 771151585
314158285 535083202
325087282 356252461
441169110 536990894
858100221 999899795
376115861 801325977
536392923 866102804
919197044 964772009
555306570 788112924
722442290 745442285
177361207 358110689
247579725 278415941
201959653 975344435
751769817 868819942
573649275 857903828
854584840 931601122
347635567 917144309
778376138 842141632
915953748 937437757
717880904 991980241
321894366 746392630
392702106 607099453
216810375 614924987
385158222 658085284
720760189 990152568
720657551 947416553
124322396 578427686
871001902 962618989
606460900 980087088
929918520 986382242
237452486 625913102
168958022 210694512
531397851 992679204
982838303 992722393
107568984 792763967
979408945 982812267
654397442 920676754
238173278 707203255
730450971 813637564
176548298 689859551
158021114 532437524
210110913 604655944
969345 353148722
235120702 726813205
795006746 983164008
722247652 854874351
812589243 903759274
439635249 754459291
83539195 965194213
97079387 714472917
595346418 869534924
539804799 883460811
119660674 704254758
193039944 216268151
657701865 942299730
111688854 354896174
888964373 896514379
843192074 922112385
880815798 953240080
880998838 985549708
137587417 429524952
660784325 678647707
532270227 882757177
572932785 763098882
764923059 985927930
986908291 992666301
91395560 535669838
465816959 928742262
877280484 952676409
404228408 763791302
669336857 707068287
725460533 843477195
901777960 932724468
761104136 889864708
51
231434760 231434762
39791161 39791162
722673117 722673120
996667808 996667810
380235532 380235533
891406146 891406148
262066668 262066672
911532784 911532788
194659076 194659080
744331688 744331689
296945179 296945179
630980292 630980296
537147839 537147840
392946592 392946596
800158405 800158405
179695982 179695983
913221079 913221084
893552063 893552064
920593373 920593378
903797542 903797542
802342085 802342086
322862958 322862959
994107868 994107872
973345827 973345828
89657581 89657585
192373413 192373416
454715310 454715310
347393259 347393262
799684608 799684612
554842526 554842527
655021625 655021627
977652300 977652303
434296755 434296755
638239144 638239146
709019452 709019452
386634246 386634249
818064990 818064995
463428098 463428098
902781767 902781772
529456941 529456941
693842961 693842965
969250112 969250115
317341131 317341132
838659882 838659883
162923854 162923854
509411068 509411069
858638006 858638007
484662391 484662395
231101523 231101525
725096501 725096505
171322009 171322014
11
476028784 688005256
476028784 688005256
476028784 688005256
476028784 688005256
476028784 688005256
476028784 688005256
476028784 688005256
476028784 688005256
476028784 688005256
476028784 688005256
476028784 688005256
16
288 1906
999998831 999999036
990 1906
999998968 999999526
205 1511
999998843 999999960
480 857
999998031 999998890
760 1149
999998536 999999059
493 1393
999998654 999998723
979 1768
999998914 999999745
518 1250
999998270 999998888
66
244 1045
999998530 999998776
907 1604
999998642 999998956
709 1219
999998692 999999917
468 832
999998176 999998982
512 543
999998964 999999973
764 1019
999998674 999999452
843 1553
999998593 999998749
844 1566
999998586 999999118
898 1418
999998002 999999970
437 1672
999998852 999998939
541 838
999998903 999999142
759 1738
999998959 999999566
878 1202
999998723 999999799
209 989
999998217 999999920
210 1535
999998056 999998398
586 1901
999998421 999999509
738 1510
999998614 999998998
814 1846
999998276 999999517
692 1001
999998765 999999703
544 1759
999998265 999999829
329 499
999998954 999999511
772 797
999998112 999998574
581 1132
999998918 999999669
652 663
999998591 999999555
933 1840
999998043 999999653
69 189
999998447 999998608
276 400
999998420 999998899
213 1111
999998786 999999981
573 1008
999998868 999999868
852 1541
999998589 999999643
278 1048
999998668 999999814
693 1748
999998268 999999998
576 876
999998623 999999673
1
88059469 654452207
1
194648061 268550040
1
980321318 982652769
87
283706005 579804023
21477381 893729277
483853736 766901141
812480065 964207827
839336414 989036172
72239798 931971727
132290594 788068456
887583898 904742759
188105826 898329302
610044265 895948571
774994247 956753259
141571162 614560101
757816116 881941114
66971672 450880360
885791106 921020730
943240932 965668286
387991143 433119349
500020708 863335322
529334258 843854013
734183381 763902977
279635079 964498409
855160613 927489037
690832258 861403410
995078280 997829445
469786672 959214449
845945534 949573927
480179694 707910522
473746026 648207134
628519979 939225548
202603466 602844392
602290411 973270114
319136641 793465703
744792696 886931808
935349858 950350498
154421904 422345941
566588725 777055115
403761462 448663300
210130008 978061632
112147952 546682102
738020608 851404510
397106635 752007670
701956151 704880041
779490250 834866650
8698970 910085881
140026508 246141478
310839866 387129865
426027570 620560685
887390085 957781693
470624956 735811958
69165199 480876078
349100611 665351349
197188946 650940938
184591676 883159477
443402912 530350253
450216442 737773433
616773781 704886722
620564688 678986124
500030363 558772856
443740653 589881724
136093950 796182939
963195909 982110482
668950028 690635363
14667385 18230073
935411084 990354998
248317485 427816971
868875127 985003197
759450847 877830684
834893040 951235139
537202118 945702519
465615052 743528362
906277214 961672030
870299103 889385121
855037602 880305052
95754327 271350955
68345483 327699074
609730663 665188160
313083370 320610571
554073337 985864717
995685184 996584029
466498199 991557326
427445421 994913043
741979099 911111794
884057786 898027383
37025646 727137811
378071177 458640710
223285103 498266690
568305815 865465380
5
1 1000000000
909604777 974442908
490711295 944140934
894854730 987005785
329573977 743283327
42
512350920 615770907
100486321 787826782
771335612 847690962
310037458 937765342
452656987 748766444
469077962 894316371
516546878 727856388
234420016 761955255
796607551 903360326
610765621 936176883
152500190 336145408
809338423 926416858
550711064 649014051
805437507 992201127
162641497 961475864
678958577 689178829
324655559 946335303
503591658 784214365
209045108 582704729
10063383 233649763
347125563 923911943
450905826 976299623
762762074 896339973
106039965 199343246
226188043 572859618
872458958 925269171
867614196 887624671
177082206 686968094
796733701 883311162
314096810 413541938
17824773 556992339
304397849 598345222
71330486 807746270
271452154 596353571
408674507 865656430
938574980 996838641
410418619 701738208
571275648 877617166
785589422 793387752
694504761 972592573
220370147 874244911
234493271 320799609
94
47152400 101209422
532874025 967663763
895332483 913589771
751806369 920947284
59801547 188216188
731290217 772952472
199848087 307201261
530714761 907406001
698165339 728804761
809883387 887497134
819003278 887642721
463250549 909604692
553720350 823182568
411638120 817543387
579706791 873067881
146629396 404761687
90660315 175506354
611015530 718471474
461360175 629799312
989586150 993276969
418689172 488823003
685676568 773692868
1785110 575976239
638072890 798886706
164732172 690782673
740179078 849046704
293942249 887362030
120799083 667547133
158123937 205037813
242599642 795356111
280308783 813644826
580664715 664540698
158850347 626304945
957924627 991863634
196094608 854355327
599396551 635779039
144120630 947102205
628213637 754157031
600705029 647121338
59156628 619644911
15956216 977768183
913223083 936203398
24805845 509367505
619815587 981984009
237544158 636498978
96464178 969007813
144502528 665413180
690309140 782233242
646669298 859136304
856437984 990303521
43116582 158074939
570033914 974923062
554832729 568579216
804931061 850163106
403152902 964367040
220885325 267486026
652753502 998360609
677480354 898064227
131061943 652745250
452007461 944314205
12158980 131540952
681792209 986887847
304044288 783323858
920627055 925614527
661278118 858056758
280941353 514472113
866172726 963419843
244257999 644889044
464378453 979459250
150037297 531887234
584879937 791771100
943232244 989453860
502662349 900445475
411608938 859439801
161950961 867264281
744709690 952817068
662161389 928827331
877235097 961488301
877218438 894095616
152580744 669225593
467247864 831217632
41527304 801871845
926605638 970716787
244838662 519303110
397684919 791919756
41578225 90228800
295982596 852011387
280671775 866155543
147164379 973209252
197707649 541096902
289986916 629025620
710860282 942455999
131194018 973333799
86367210 404833071
11
24858497 688987186
24858497 688987186
24858497 688987186
24858497 688987186
24858497 688987186
24858497 688987186
24858497 688987186
24858497 688987186
24858497 688987186
24858497 688987186
24858497 688987186
4
45723281 45723282
174961591 174961594
731778007 731778012
558076744 558076747
1
800110723 866690270
13
285 1119
999998532 999999007
785 1939
999998746 999999568
549 1408
999998690 999998696
437 539
999998374 999998796
397 1848
999998004 999999604
209 470
999998967 999999422
208 1376
31
238600426 238600428
527930145 527930150
150955555 150955555
678755854 678755858
40232350 40232352
656925148 656925152
938621781 938621781
303418926 303418930
147542693 147542694
756900092 756900093
37371645 37371646
345730812 345730816
224719299 224719304
470348155 470348155
845861188 845861191
717778375 717778378
993433306 993433306
764076552 764076554
102448806 102448807
805592891 805592893
248325341 248325346
478523949 478523953
578648471 578648473
419373905 419373908
163744384 163744389
74609037 74609038
893154173 893154178
71553999 71553999
976013767 976013772
775190182 775190185
502272556 502272560
4
205 1803
999998238 999998968
743 1314
999998772 999999192
11
921213088 960293327
970594817 987073182
799618487 809517518
663547525 859751795
215859970 287249225
529519913 663566073
968513097 969168899
633454609 758895774
979975675 985871670
221712353 294128185
430940696 979769308
68
24887911 250269691
198985986 916428701
903780651 994908532
527261906 857469301
977282493 981961702
694513352 778861822
443332733 688204105
567526067 839132374
598742593 776238964
657540411 929709918
816105439 830568937
929087019 970433827
612933415 704701390
864239671 922536649
293627937 638525946
421759344 818917353
561561468 715444618
451967358 636715670
772655315 783708648
648124238 690224681
667327178 821504673
513874695 561286924
505920168 512371879
79016970 113439222
582139977 722219555
985704361 986453038
458100231 468325992
6399236 407911758
961721127 969982794
676026044 874685548
361889410 829506027
131913095 467713468
844481837 956104759
179425170 947553104
265285738 851256676
545894826 904469596
439376606 947750472
594277395 711005074
415899935 790174960
259507233 812120435
700865492 873202152
984603628 985814655
147638796 404825389
641726469 867297275
79538149 709997633
755880237 950307525
331020257 331523845
443028740 490353709
236053299 599733355
551354785 970238569
921232141 966020838
13150601 535137442
996433116 996998416
248027206 676212813
425386577 742151015
224518729 846431235
247684854 532568457
657568956 702314155
415829697 629479185
563137963 703931653
338234871 922067654
982759906 986222965
180899532 433173926
828928572 873659440
961674564 993395978
350206455 597110711
328825736 891369864
365398883 784885872
50
726530173 825559531
72903601 630519912
581188739 684698297
794329016 900965863
548185569 656914921
435458999 479714061
721039134 909973831
282419078 995360921
593412155 866216059
869620762 908231930
726456200 823816987
671436124 875830609
580784115 667814175
518768516 830844814
280958593 713348637
612698460 957133520
641288759 794609514
595258532 960491866
620055548 907634071
319530791 376247512
677289653 905638595
754942074 843247054
125271074 782394983
197454665 713252357
151085577 549078166
310705098 523627643
548940302 618944117
708859622 820392593
102421836 414679186
904143542 948261500
212002840 546693766
299741895 828716302
144915589 615026411
204972333 387496271
620548517 999634638
73470819 753854699
363877104 503632951
615199967 857750306
449550955 664281511
304998115 432868110
738946947 985301677
751568969 826113528
203607764 614650049
299760758 528705971
311264157 758295539
922617561 987041671
339329341 432094724
662355716 881610302
835427321 963030296
145393751 221635563
99
501407734 595540992
57564988 676986972
70564512 116760587
992920528 997259744
562867838 821639933
534632837 546407629
805615659 810189763
85795039 486375145
998877350 999192498
627484669 691163010
353547408 930854811
238005345 822618615
560622824 947228349
404441847 467773525
746185642 970281559
195246358 851497919
856534463 975836217
505023482 584156710
977512508 994184221
944626625 947395396
343903031 557245469
897433818 996375319
948322585 961342164
617671131 699141416
284664407 354884910
292719419 321576331
385953555 697144334
869455827 999188214
171129779 228986920
91963829 811089510
100802127 424552842
844996502 952902860
305599971 445564634
420690052 621259716
903483670 914200946
121140616 931962435
103966258 412392590
391627905 922990366
515553576 614979420
385234523 458551284
853539582 959886140
970424922 975023825
345179451 930451683
903013767 919753701
902659220 977357987
551802392 821687858
633201633 851192556
278395686 474766816
288321506 681926742
219827532 500037403
554856792 834834762
484798077 707046901
515627379 951316747
563507626 983576187
175664609 295895065
766054737 825381747
313816918 820815201
519722826 535889840
144896473 731201811
396793898 826612737
683908922 987301437
966917761 995898932
813058651 929018910
449288669 548692708
916074792 950556492
95596858 397685158
909868685 981547179
882708300 968403919
308273348 887951302
807179963 865341162
441323219 838272769
394695405 425654229
685820275 702570276
103483843 473537956
869500481 945638544
436237748 459516430
587793355 990285618
768405641 879551768
433861808 887802746
777346088 859501879
758506989 974086226
343242268 762112628
736160909 825961563
821038719 976984714
399882167 693871680
62835385 584991532
774299930 918128961
606507073 974291349
985146505 987819564
985941958 996807853
558557454 962035440
541449832 948754782
761632891 863353487
215582692 935816984
168375057 308035173
425615660 749165440
259230934 461029691
255470282 973880915
248991683 303541155
38
509704243 509704244
534315876 534315876
274967524 274967528
778891927 778891927
734694606 734694608
848505976 848505979
120021311 120021315
13256357 13256359
128205915 128205915
649373030 649373032
372900119 372900122
550242248 550242248
808342244 808342248
932870389 932870391
421732230 421732230
65260101 65260101
180003956 180003958
71054311 71054313
485731831 485731832
33069352 33069353
706484155 706484155
296701490 296701490
826224044 826224045
298286907 298286912
938803658 938803662
143108842 143108843
101804504 101804507
390134998 390134998
37796270 37796274
411574296 411574300
176387387 176387387
855470655 855470658
378833239 378833239
955455569 955455570
578954577 578954578
220260273 220260277
358690235 358690236
512705473 512705475
23
124270040 759287863
728371271 951508468
18964691 496677229
987660054 997731165
422788523 782939326
187046363 397009807
688018885 837940823
939640983 970430779
280057658 540530659
102319971 309761507
306789646 468257058
341185692 355961309
151354918 728705686
704192568 890953737
133114394 782244638
142325582 185277919
766461349 909790179
40554748 75938969
745266319 986657791
276933864 594632095
142631003 995680797
690774060 897778646
848870328 892862925
7
1 1000000000
565738539 784628515
985611912 990365740
831894172 883139313
26235435 461587646
10233245 665833531
601362877 654192744
16
229522885 598706710
183687961 598898639
834834873 893035794
638363613 779450358
40322833 972663412
252272846 726338346
271176535 373556636
183566149 651915337
561510742 684464118
741220069 977282706
887199910 888706449
676610261 807018266
344506959 786062489
310439681 486051936
804025914 937683307
694371014 737992673
5
111223120 360923440
62424051 478635941
335400074 501057733
672080649 964978886
486895071 504956760
6
433966317 734997541
433966317 734997541
433966317 734997541
433966317 734997541
433966317 734997541
433966317 734997541
2
809133330 842327552
544544176 614734192
43
2593712 585380426
2593712 585380426
2593712 585380426
2593712 585380426
2593712 585380426
2593712 585380426
2593712 585380426
2593712 585380426
2593712 585380426
2593712 585380426
2593712 585380426
2593712 585380426
2593712 585380426
2593712 585380426
2593712 585380426
2593712 585380426
2593712 585380426
2593712 585380426
2593712 585380426
2593712 585380426
2593712 585380426
2593712 585380426
2593712 585380426
2593712 585380426
2593712 585380426
2593712 585380426
2593712 585380426
2593712 585380426
2593712 585380426
2593712 585380426
2593712 585380426
2593712 585380426
2593712 585380426
2593712 585380426
2593712 585380426
2593712 585380426
2593712 585380426
2593712 585380426
2593712 585380426
2593712 585380426
2593712 585380426
2593712 585380426
2593712 585380426
4
1 1000000000
569809627 752195407
316003032 342161401
906101916 954639596
26
483669312 987351488
483669312 987351488
483669312 987351488
483669312 987351488
483669312 987351488
483669312 987351488
483669312 987351488
483669312 987351488
483669312 987351488
483669312 987351488
483669312 987351488
483669312 987351488
483669312 987351488
483669312 987351488
483669312 987351488
483669312 987351488
483669312 987351488
483669312 987351488
483669312 987351488
483669312 987351488
483669312 987351488
483669312 987351488
483669312 987351488
483669312 987351488
483669312 987351488
483669312 987351488
13
852662860 969801261
649411898 748140871
104982782 645406064
848478363 894427248
115090346 530226095
205523956 281949615
479581985 583476739
790946019 989268825
952727517 994302654
582248991 729580595
525733365 650517253
408579767 675530818
158007693 218176313
87
973760241 996981752
746822237 813416192
867079351 925098958
310592419 994122621
299404655 577743141
397315563 567713218
209050305 465638748
686757377 693471596
581107167 849256477
207542093 402480474
218525340 889733883
875485245 936320050
399289458 613035770
870598361 947207808
285555258 852640787
207868248 927976235
30976220 361395376
751052344 823030617
214862132 731929204
27518569 243390277
460436290 979177106
367030740 894795403
170259134 270520009
81331511 589916963
321354723 679679178
128961192 724648244
586027322 794248480
557416349 669517944
404047411 541386129
468134330 486334987
927079810 944402083
32293950 926845637
193321302 705266248
658391725 687777660
829980897 890823319
853505955 947480125
602342641 935452012
429920021 622083424
554215522 768766417
831998886 894884191
58893041 430843490
261433270 810022799
738277319 749004823
107682975 720630185
952728289 964317644
265481236 428388771
479890110 702340633
699640062 729005483
954329638 994744763
171263574 194495801
363324302 761073267
972080734 972491467
642156489 850898455
11722969 347716842
227845029 274239021
88754676 191781433
847370041 888285689
732898827 941460222
902155513 905858563
311803288 692307946
292996633 775107410
586122798 828238605
809020821 994346788
931787127 969851871
782025252 935775521
417776238 934656361
828677150 882273071
857930367 875283952
85836826 238715219
683226724 697731852
894785751 973998731
131413923 429104786
616218565 925357026
775292439 855301381
984260054 987667419
496978886 686490422
495980424 541195155
72308253 374750832
44304776 703643346
145746183 271694757
530155344 909768879
185453639 675467860
476232610 832673220
458106461 536443235
434308834 599237441
145192857 690706916
308973579 545418552
2
789871907 904154079
691611183 733618233
8
717 1617
999998988 999999857
46 1588
999998497 999998790
333 2000
999998805 999999703
64 582
999998522 999999175
48
680427258 948890197
358549734 841297149
478979543 546757911
689856575 712005561
36323426 236074402
391377738 930252984
920159307 940855005
756882135 905790986
119381885 167153971
2058593 216007646
475751350 597076700
890983375 946403704
164066945 308794295
404068953 807760065
978862148 999998288
443442864 718074734
858231047 996211443
662236041 954673404
992086395 997843790
590970596 970189682
49914088 640146979
39314995 180040754
455462937 792179269
716310256 962932765
917714043 919569351
448646731 688737763
662235987 801487136
46973839 976521149
107931014 285348759
20180855 810057007
173758279 998967222
53750583 969127333
572977248 974703642
522956994 954060294
403939557 751648627
473810798 519804086
371275204 858686136
650269794 993107389
248370920 492096136
665153020 887177279
448128853 531578495
536863631 996559652
518350789 723975130
110093139 734893655
89511135 489525434
607644285 769548991
907574888 959611819
480699159 720426506
53
690082191 690082195
270668352 270668354
415399962 415399962
47493113 47493118
843267949 843267949
252258995 252258996
820136461 820136465
698664089 698664094
44035815 44035819
197202148 197202148
659836894 659836897
56650391 56650393
6079570 6079572
529082711 529082713
673630179 673630180
210602984 210602986
467965045 467965050
239154742 239154744
853213431 853213435
89189789 89189792
115530419 115530421
879620502 879620505
296834280 296834285
571109544 571109546
491615844 491615844
862894056 862894056
952905557 952905560
187049096 187049100
544804325 544804330
495374901 495374906
898652832 898652834
861852012 861852016
932721888 932721888
945281761 945281761
251541961 251541966
4099612 4099613
735296600 735296604
48209500 48209504
124739734 124739737
106364957 106364961
175313158 175313158
680822803 680822806
762403833 762403833
730398323 730398323
883579174 883579178
289777889 289777894
749075230 749075233
130318849 130318851
818318384 818318385
765144044 765144045
254245714 254245716
455657037 455657037
200954489 200954489
96
461269518 585144008
461269518 585144008
461269518 585144008
461269518 585144008
461269518 585144008
461269518 585144008
461269518 585144008
461269518 585144008
461269518 585144008
461269518 585144008
461269518 585144008
461269518 585144008
461269518 585144008
461269518 585144008
461269518 585144008
461269518 585144008
461269518 585144008
461269518 585144008
461269518 585144008
461269518 585144008
461269518 585144008
461269518 585144008
461269518 585144008
461269518 585144008
461269518 585144008
461269518 585144008
461269518 585144008
461269518 585144008
461269518 585144008
461269518 585144008
461269518 585144008
461269518 585144008
461269518 585144008
461269518 585144008
461269518 585144008
461269518 585144008
461269518 585144008
461269518 585144008
461269518 585144008
461269518 585144008
461269518 585144008
461269518 585144008
461269518 585144008
461269518 585144008
461269518 585144008
461269518 585144008
461269518 585144008
461269518 585144008
461269518 585144008
461269518 585144008
461269518 585144008
461269518 585144008
461269518 585144008
461269518 585144008
461269518 585144008
461269518 585144008
461269518 585144008
461269518 585144008
461269518 585144008
461269518 585144008
461269518 585144008
461269518 585144008
461269518 585144008
461269518 585144008
461269518 585144008
461269518 585144008
461269518 585144008
461269518 585144008
461269518 585144008
461269518 585144008
461269518 585144008
461269518 585144008
461269518 585144008
461269518 585144008
461269518 585144008
461269518 585144008
461269518 585144008
461269518 585144008
461269518 585144008
461269518 585144008
461269518 585144008
461269518 585144008
461269518 585144008
461269518 585144008
461269518 585144008
461269518 585144008
461269518 585144008
461269518 585144008
461269518 585144008
461269518 585144008
461269518 585144008
461269518 585144008
461269518 585144008
461269518 585144008
461269518 585144008
461269518 585144008
4
244557912 834816714
685748482 905789510
553826017 717073921
286710055 848328613
7
822811278 981186639
17358359 845536017
500744870 542386411
146381765 405670036
120009033 441463427
938857200 965828867
260909249 567255667
11
72150842 427336017
72150842 427336017
72150842 427336017
72150842 427336017
72150842 427336017
72150842 427336017
72150842 427336017
72150842 427336017
72150842 427336017
72150842 427336017
72150842 427336017
18
182279583 812937870
682118854 824804814
83967644 729765284
941175073 946920012
255517216 948740139
153360670 407513564
69060059 410528609
953749013 960859607
923747670 991165325
640965204 867587966
849373765 854427986
826908228 942236331
581334951 851815308
647169891 957495307
847950085 971725941
358779296 787647863
667771777 851844463
629495256 761562933
6
574847398 716297109
943657372 982190238
77595933 513112858
321170289 422222125
519397321 946991667
864768997 907288129
70
862039641 891122122
242122316 640764817
666242733 969366278
549952796 977029896
656345808 879117832
700410010 821615466
362906832 435469234
442051802 602439793
52944860 635929085
419672430 997740640
482072716 865141232
13781161 365169215
746709195 982702388
163332770 394758553
356882387 973180311
390396449 598808507
613145406 694330897
996427559 996443063
923940918 942611924
728453598 786290212
378200938 448765252
707612735 710764825
247836344 678440994
959315896 999034687
903144542 984056703
159313820 874668119
876999347 942191349
874641140 914787617
69716827 657321148
318510595 353892314
565887326 604858637
378135950 721652794
937437854 970141959
652161925 678304757
882716450 957568313
880272614 986319097
88926554 894528346
798203981 820039934
436928072 489260595
731120241 789494053
194837811 344071901
742308322 752367086
584248503 991714650
435684832 838399563
77216244 570436254
841521030 933451469
472647255 608129622
248588178 704811560
198377646 530574027
948350753 956036222
325340578 520587227
478494868 527777429
851771130 918751155
302848443 489388123
7433479 959021726
155850326 722841178
519537562 564330764
876940466 995835455
234786638 381322489
476156947 789702067
398550294 622702766
865032702 989514481
266702759 785064942
357171949 924656621
920569888 931440130
405386426 891462017
738230105 935047024
249020287 627944547
610495884 825784542
460714134 972172159
16
618 1957
999998476 999999855
106 1919
999998774 999999820
323 565
999998396 999999223
202 454
999998633 999998915
905 1023
999998181 999999731
632 1893
999998323 999999816
67 1018
999998545 999999192
311 1270
999998746 999999918
47
938629123 946350331
299142805 858592783
845947956 967728954
620794038 922675125
984583453 986753733
701616415 802872738
739254072 910096416
523233754 822595824
12377224 987496451
597748094 704449582
201933049 457648434
249335062 684526441
242470583 932424272
992892788 998189695
827425263 935438037
184144245 916263331
219699492 259218199
517468835 791447105
341110369 445449847
162128050 208914007
723540272 759271206
133870666 965348056
178072255 878049665
915127561 960880646
546900601 744120007
277414625 803540207
447430950 804287342
493296857 941081055
238113880 249657545
561773987 881596340
916138616 949909795
422214006 809198094
375286908 517972811
692045068 912484817
12993639 365887272
425176035 810383535
457755502 470194433
168684292 342275022
823831527 841169679
301700904 308714282
565842273 995848946
464693571 784143264
187073782 434802594
478092772 553586838
292415977 316754326
585713839 602900323
422257703 691874095
6
903276277 932417291
359934059 375963551
856911627 987153045
77285499 122990969
937480074 959758734
432704269 498280618
2
579479164 672422637
498906249 720495813
20
369 1917
999998668 999998899
874 1158
999998935 999999120
201 403
999998483 999998767
384 806
999998931 999999352
495 1387
999998680 999999743
31 1202
999998151 999999210
195 1665
999998730 999999038
490 1585
999998981 999999769
362 605
999998146 999998603
690 1207
999998920 999999734
20
471753539 701880177
396093923 960230209
985439301 992407501
21819266 337771082
237115583 249491946
230618019 651269820
651798663 964297768
784314028 912736834
763707584 926665186
458627254 777618625
441785432 806117654
907619797 965509544
490341576 685835896
731130114 752216319
183442281 218001856
713704999 776904301
186976831 556605770
419137154 993910972
510401558 657122565
840934479 958996181
31
770957636 787111843
57594075 82900527
694928376 775130854
874208548 908286365
804942056 827162405
222848265 931369628
188516544 418886367
85012998 377712083
998463125 999528248
990880751 994289553
274018934 677289820
990079743 991638516
82411702 592804666
15090633 678422331
124889193 403370696
523507533 995256285
856035792 927308880
769186018 871886745
871711656 879316806
871356035 970408308
125673056 903189369
268647233 953101946
49512243 888469335
971971023 985718094
112241541 352554578
373818313 555663485
898506974 975505618
883634592 974090799
721068267 832520747
167331470 899813472
276931012 419150647
21
758075251 960386440
87267322 351349391
57073314 226655673
852419137 954330020
747847049 854791899
432327540 451352349
883430358 976651717
14405862 509672152
107054293 324946530
284583746 907069045
533596562 566008394
703417264 842874790
949145568 982235381
536549750 982589676
321468682 827177549
817029757 853034661
494945820 515584913
616689482 898068751
813832626 989206412
969165382 983644132
616685523 892358232
50
324569230 324569233
986536560 986536561
614120005 614120008
508315783 508315788
300663078 300663078
55571292 55571292
41243836 41243841
875947068 875947069
376411257 376411262
772659626 772659630
664722561 664722565
533884237 533884241
23979563 23979567
893633870 893633875
510639004 510639004
250881912 250881916
51382540 51382544
824511669 824511672
656919404 656919406
64176344 64176345
841850434 841850438
156320462 156320466
269512710 269512710
543898662 543898662
880090234 880090239
644073470 644073470
26304605 26304607
359988102 359988107
635908520 635908524
749160610 749160614
128994950 128994951
848946847 848946850
975688385 975688387
154433857 154433859
501324989 501324993
365650000 365650000
572113098 572113101
576848311 576848314
103628994 103628999
23662544 23662545
124743265 124743267
600827352 600827355
714867749 714867749
862953897 862953898
931687137 931687140
460236796 460236799
671645224 671645229
598097050 598097051
904007811 904007815
657249564 657249568
27
133212004 498512924
133212004 498512924
133212004 498512924
133212004 498512924
133212004 498512924
133212004 498512924
133212004 498512924
133212004 498512924
133212004 498512924
133212004 498512924
133212004 498512924
133212004 498512924
133212004 498512924
133212004 498512924
133212004 498512924
133212004 498512924
133212004 498512924
133212004 498512924
133212004 498512924
133212004 498512924
133212004 498512924
133212004 498512924
133212004 498512924
133212004 498512924
133212004 498512924
133212004 498512924
133212004 498512924
17
817 1742
999998775 999999295
357 1642
999998852 999999311
524 1787
999998876 999999263
35 1535
999998939 999999204
175 1379
999998471 999999092
587 1277
999998568 999999418
544 1898
999998996 999999583
581 768
999998014 999998569
439 1799
33
1 1000000000
720781115 876058337
165026686 856348506
203431367 982821469
667921927 760250340
572547532 769161816
516361238 830221143
146680547 673245357
329348818 678974582
730161992 802985828
567385101 757887838
376855678 980553671
787970238 925326066
956761500 986002629
639941707 832786480
643381646 685119909
100653931 762062623
205620788 585282043
434242855 665018784
615436016 758911063
433957097 439893623
952289616 952320541
876669664 993901430
83776902 193627567
878158592 986655272
629237977 699911052
261134142 789805644
395409412 877468753
198961231 853022500
259439296 869618094
242179736 278242552
990647375 994109043
266018216 458537810
21
1 1000000000
208088382 564490451
427606593 500554220
236314385 291093545
149977903 280567020
746417796 804100703
559794658 769421110
176756715 703023709
824530253 838831671
945205808 995218271
689495984 710488967
503365126 612296286
97486281 165508762
768823354 924682435
842106275 852429721
871048799 964857521
770049177 837987534
941314540 944104122
539380258 875629855
115398256 505763692
279740335 881409494
45
491977620 782381266
774430940 931814825
708612817 880262163
365740008 792301175
200288584 769698787
502378984 542507451
230967482 579096102
269049985 930038369
808611191 939438821
635659607 748061656
278615316 519197322
9896166 491954840
406418452 942928826
736739343 737722385
824553706 915541349
890376941 916372613
808515496 828003715
640598497 878002820
150612437 237560718
713252171 838615320
347590772 737115453
450820133 686715079
462744125 657068606
564122396 964554535
106835724 721302091
62628353 685656631
602188808 738195676
265131233 512328154
469016217 496550769
923790317 993166583
524139225 636741798
793622013 852081332
691243712 777705394
59661537 495046241
277992757 806229952
363442027 818198516
844743634 948558002
477519639 935665375
990830497 996804648
927985806 978052249
803760960 824453121
591786068 981239061
395277274 410716268
980126129 998084218
756451087 829219358
64
617660030 620261916
741938943 900545974
507355453 535729966
126891613 705233256
493130325 810132472
191591964 454391492
436524795 621111512
548413832 640613845
140527319 143484515
657262085 825130924
429660132 744196791
402015411 890948250
66950700 559189520
88157687 160010553
772588064 835987234
802046910 920962496
514076920 527122389
240264236 732666081
599348963 621031939
354307222 399374562
870845814 895450758
554978880 976641494
877338770 919355333
417242228 751824127
416490972 756618427
396639077 604797404
211285655 880727205
978265266 990561156
123785365 224208279
992361978 993653724
624785880 930062066
826335483 886934419
738521299 834063546
109308872 483213042
931182102 990096322
633363495 826183142
193933603 757336612
112379216 760162931
150803587 317315659
174321747 921677859
526304331 671016995
903119902 920657898
875498346 912472992
627029879 628653059
262682839 998370503
417557368 896651523
866204754 986108716
136854900 439035774
282207858 901291097
410673556 472207872
650464497 764693361
17883187 890912586
754270333 847042869
403086689 499674353
684596336 937483906
243844559 982258729
359326066 956754382
701883441 969422990
920539966 983964994
952409790 960929022
90729935 391826847
249138605 292179632
584095089 981091226
510795743 873125414
31
679105506 957570246
188169229 889357160
559619361 570500273
88578909 813403439
65433770 134203705
177753760 885877086
626032025 697996122
962288162 983982315
995656921 995714016
865080799 883677843
21169921 642094612
359430418 845480363
158434399 460460698
425528530 690722292
278992393 509304318
634851350 809744723
764816577 932616633
207567411 522115070
171924182 783249868
155192019 863707028
299384259 308695903
333068225 713083471
496490385 513981265
361929744 877439527
87856669 319872749
968233701 977336195
337152133 866717414
454445586 810921290
668193015 718675880
214234673 309443964
985616753 988992055
55
139 1989
999998283 999998968
250 552
999998863 999999748
290 1144
999998730 999998927
194 722
999998018 999999385
616 793
999998737 999999306
158 1395
999998611 999999992
138 1113
999998822 999999949
192 958
999998961 999999253
701 1045
999998815 999999156
123 288
999998911 999999963
413 476
999998286 999999177
484 1566
999998963 999999027
522 1425
999998347 999999348
421 636
999998898 999999894
388 1966
999998171 999999241
303 1500
999998256 999999714
729 870
999998329 999999182
747 1664
999998616 999999977
719 1609
999998466 999999981
827 1922
999998044 999998392
923 1744
999998629 999998955
82 724
999998804 999999137
68 324
999998710 999999142
857 1064
999998283 999998767
413 1279
999998720 999999874
567 1506
999998080 999998182
703 857
999998854 999998874
811 865
69
873177561 914790472
26955317 658042661
450248528 734152550
290213484 294616408
159134012 955651153
788658096 846662756
159875161 667887641
536465826 869818535
871543712 966018750
144370659 548266284
851573424 877195159
592190829 682205531
492976553 991849821
951920136 968824011
364963389 671118102
574251386 944128027
977607471 989821328
337965086 460183741
418965526 784795134
3239562 275630040
867420988 942341045
852216579 959141139
454133840 591287162
465439424 947544349
784151732 929585369
157546175 190874098
830401361 995108867
323896181 324923580
189291793 769009027
387748315 498627885
314028758 340736711
85841790 732584503
899932270 966403896
570938971 721905367
274834694 445593086
723149242 780756864
297509357 798292527
73384114 585210878
802686422 818653816
254547785 353699289
525288470 841921570
251327485 467507942
642972412 802675957
774979693 925925818
105889009 755732887
615562183 638337808
578796128 630353204
917808634 979129840
607600806 631997600
926386608 955623081
807624050 962583935
986904865 998165996
889114025 985230054
501317995 613794984
584478816 911681560
966822906 993722866
64770287 992744129
562372353 698997224
944892159 970684582
530998340 988090368
924589356 997420241
691843963 949862830
652930545 976676688
97799293 972527454
398706052 649556758
272328857 598400506
453194641 554424432
909195841 987635177
859899906 868110599
20
744649348 747226003
420741857 524809408
655308958 702435224
746155479 758422407
600894155 678080412
193961176 325896272
737005438 901007950
652340434 681900477
882462807 990313088
270391864 565977151
414962940 549913115
509857269 688066612
937282681 972099796
414972584 502099481
383233524 424568770
347489823 407527738
631477732 753833211
143111181 473869116
648841174 859800969
427019394 785642603
5
960274575 969097855
714597853 903873093
778143710 993237804
916556041 929426692
628866946 646960267
44
104927640 104927642
284206447 284206449
87122190 87122193
224622758 224622762
28736488 28736491
51389889 51389894
44108993 44108995
25916861 25916865
177989254 177989257
3319776 3319779
637763441 637763442
7762904 7762906
319974983 319974988
794739202 794739205
164649249 164649253
807832824 807832828
765520219 765520222
550765815 550765816
383045626 383045631
646393571 646393571
572443976 572443976
561549706 561549710
39886124 39886127
287633816 287633821
290600531 290600534
604209967 604209967
867496894 867496894
221566828 221566830
486238274 486238275
971633453 971633458
654667511 654667515
461693631 461693636
883174334 883174338
913923911 913923912
235366801 235366806
709748796 709748797
726373550 726373552
108774811 108774813
679711831 679711833
224207507 224207507
514576398 514576399
502220909 502220911
152630069 152630074
168062954 168062958
8
211822616 867983428
771774958 824666323
18087725 669189672
444090709 958880818
138991371 479036564
383670451 851761896
828941632 829400809
129834047 635850552
1
642291331 950409454
18
574441629 732290555
759819430 963455990
779924497 950129220
606119883 645368405
398986977 786548970
689970073 858716022
208578418 895293074
586370047 778191338
484009820 659765742
183829085 625198082
353622831 696216858
908045109 996552250
523610358 532828528
596648267 995550624
502655848 851575918
163676621 717580282
349986660 566374329
444662838 519491171
1
507202977 822712684
34
464 626
999998268 999999671
751 1604
999998242 999998470
779 1075
999998365 999998564
562 1124
999998860 999998940
641 1589
999998492 999998718
127 446
999998043 999999076
770 1178
999998338 999999247
25 1038
999998187 999999436
878 1827
999998736 999999732
4 1667
999998211 999999614
305 1599
999998547 999999560
668 1195
999998027 999999810
773 853
999998366 999999984
883 1370
999998418 999999751
760 1471
999998773 999999093
53 212
999998284 999999841
616 1247
999998545 999999608
39
710225049 948764745
307210331 437326298
734353138 780541413
120955265 953545475
33129564 851338171
790482945 858149330
530117915 796756566
685280058 795705769
906171354 929747813
313850454 714346359
741647810 941369569
763896341 856145988
529754771 641761569
158674772 182796993
907089586 923531943
322556785 530896618
557873951 600100506
732462795 974066655
555999911 685572048
263142337 650635215
300580257 897343588
714130571 874237795
321520955 507338040
402781094 540143225
112327921 400138233
867632948 896883321
776861948 850310496
221346098 907923592
191250987 925679196
945129392 984389284
124124674 884580077
888441843 934489272
540138347 994885245
339794308 642640181
117958773 472404954
21359648 630340828
249264219 307870707
705682329 827347225
504339184 560685389
54
562963606 562963611
792904179 792904184
816211685 816211690
265845751 265845755
862005104 862005107
231322114 231322115
312424653 312424654
986969263 986969267
333667142 333667142
331930576 331930577
962956371 962956372
818600857 818600859
684757498 684757500
87004850 87004855
816615069 816615071
348690719 348690722
292376249 292376254
154637084 154637089
403840014 403840014
378311572 378311574
393289910 393289914
479749184 479749189
629961174 629961175
749900677 749900681
223369754 223369757
464591281 464591284
77937585 77937590
70265206 70265211
766300567 766300568
304567478 304567483
671079255 671079257
389393362 389393366
26591453 26591456
545342614 545342614
330476211 330476211
974106779 974106780
778228490 778228494
421810486 421810489
834289760 834289760
190390908 190390910
658557527 658557527
316312628 316312631
323909902 323909906
618714316 618714320
23610659 23610663
578457568 578457572
205902503 205902506
423038026 423038029
630402610 630402612
320047551 320047554
237654359 237654364
364891615 364891617
375179278 375179283
800325599 800325599
70
436 1125
999998273 999999757
366 806
999998063 999999181
251 934
999998638 999999147
193 223
999998444 999999831
906 925
999998022 999999089
122 1593
999998590 999998758
797 1350
999998781 999999240
915 920
999998467 999998633
718 1778
999998349 999998394
744 1961
999998837 999999524
213 1408
999998557 999998899
803 1711
999998221 999999620
343 1124
999998787 999999099
96 424
999998389 999999129
633 1315
999998287 999999964
694 1985
999998053 999999573
967 1685
999998843 999999806
974 1497
999998689 999998752
389 496
999998400 999999317
426 1986
999998520 999998945
605 1477
999998652 999999834
115 653
999998287 999999368
244 409
999998802 999999448
5 70
999998820 999999267
800 1548
999998700 999999536
327 1323
999998044 999999288
674 994
999998173 999998656
666 1517
999998861 999999409
61 184
999998034 999999138
620 946
999998575 999999798
61 331
999998307 999998509
985 1940
999998087 999998211
859 1625
999998073 999998949
455 570
999998475 999998595
537 1011
999998395 999999777
6
959535687 981228098
625140575 730836109
147268179 386463493
883462169 974105193
622723223 871307579
722389135 847466469
16
201 1687
999998048 999999437
602 826
999998069 999999047
807 1558
999998365 999999584
298 907
999998868 999999849
163 1690
999998370 999999054
679 1511
999998180 999998948
451 846
999998068 999999753
728 850
999998797 999999092
11
169842680 527136145
873463148 994012063
758044092 795424301
189926486 599547366
21346914 257436461
917731005 986272697
791226502 832642384
753358848 898009071
830574724 994537449
443738764 699468986
399302910 541810459
5
410 1352
999998190 999998436
638 1772
999998601 999998609
787 895
14
492690270 817744994
492690270 817744994
492690270 817744994
492690270 817744994
492690270 817744994
492690270 817744994
492690270 817744994
492690270 817744994
492690270 817744994
492690270 817744994
492690270 817744994
492690270 817744994
492690270 817744994
492690270 817744994
11
283897733 652013979
495033799 786023913
478992454 905076818
2766822 174581218
643332919 699534116
57295357 522421549
937805149 964685524
184396645 496141165
734421499 742205641
662117435 936015953
446490002 507403010
2
1 1000000000
283024747 826031616
61
352679879 352679881
625058254 625058256
604916357 604916362
731276820 731276824
85880509 85880514
386476539 386476541
563973529 563973530
568050467 568050467
879461933 879461935
448797533 448797538
51139247 51139249
423787918 423787923
141942126 141942128
578884802 578884802
497645651 497645652
652468816 652468820
356162880 356162881
824315591 824315594
314840996 314840998
990081277 990081279
266660666 266660669
707755778 707755780
98143911 98143915
927826397 927826398
608133241 608133244
229882109 229882111
919989835 919989837
448629577 448629578
138562886 138562889
226584830 226584833
207948388 207948390
683002050 683002050
661150937 661150940
332521194 332521197
168191195 168191200
382419039 382419040
297706722 297706725
775885663 775885667
280340448 280340452
346619298 346619302
98747222 98747224
622816385 622816385
895922123 895922128
315348741 315348746
797512986 797512991
577475832 577475837
901283582 901283587
76034808 76034813
409549620 409549624
940783978 940783978
635509000 635509000
553074664 553074664
468041579 468041579
958559698 958559698
332513748 332513749
674729234 674729238
185211517 185211520
63320045 63320049
203522458 203522462
262946233 262946237
208677431 208677436
24
339151153 759028905
339151153 759028905
339151153 759028905
339151153 759028905
339151153 759028905
339151153 759028905
339151153 759028905
339151153 759028905
339151153 759028905
339151153 759028905
339151153 759028905
339151153 759028905
339151153 759028905
339151153 759028905
339151153 759028905
339151153 759028905
339151153 759028905
339151153 759028905
339151153 759028905
339151153 759028905
339151153 759028905
339151153 759028905
339151153 759028905
339151153 759028905
19
1 1000000000
668943347 727642403
177880173 871165754
452591144 751093153
842292951 980028170
745120116 776318745
365410634 816120183
89938945 558099633
13444828 949477374
244713610 933169075
112379349 528549788
233694918 916518730
459058172 471564550
144049171 723236600
219521307 693181417
163340190 995572146
625177447 924981143
664790324 686098456
817145529 965520769
35
414968387 997595535
876355550 991939279
342391548 413960653
953722441 997004050
191228610 969100933
527268577 556826534
21376112 984599237
913449736 918161714
308207890 522550294
113244640 721278949
118478364 883725630
34576343 569376477
430996844 873813440
208063356 843118843
520558382 877804469
781628809 787443238
516610570 579925187
795142465 936616618
865992845 997350042
952133725 974030578
11356837 469744040
105065266 546344572
266194726 726834068
820962692 874001170
579613151 593575698
825545742 978020494
321834917 862142720
91936481 934238324
729977081 892971736
563434184 724452542
434034730 657662661
82715139 874241197
83158316 867811355
503671600 515227013
519759004 938530827
40
573919871 573919872
401315770 401315770
531648060 531648063
908824141 908824146
446352710 446352715
605765797 605765799
635930078 635930080
245400250 245400255
948885152 948885156
320929699 320929699
528858658 528858660
195627925 195627930
317039162 317039167
445271530 445271531
252064699 252064700
833691461 833691464
762616525 762616530
797269945 797269947
340330520 340330520
576990738 576990741
388650081 388650084
374443970 374443971
22782394 22782397
140006216 140006218
351710830 351710832
919063318 919063319
426041414 426041416
914332812 914332812
981736539 981736543
121941330 121941333
882726728 882726728
309708463 309708468
664515705 664515705
903654612 903654617
84493287 84493288
139467647 139467648
411793067 411793071
460578876 460578876
806244573 806244574
209373334 209373337
61
1 1000000000
571782570 974117138
207021454 609589785
446983505 683128998
629950181 690058518
510460445 611420715
673676893 974337062
565070445 678764944
339400409 847695385
208812118 244857494
451268685 788964622
285564257 640378462
283733017 583334487
530604046 914232127
584619241 603656600
864238503 917177814
854336454 862489604
619024855 977304915
476659817 807470255
127024948 580767253
912873800 951581359
158606442 181142545
771639718 961759574
921012502 989702781
345631347 969830145
900755654 921053969
855915879 954061463
425460366 802213689
681983277 917285995
500060538 557526679
76684524 503696279
324963281 976829096
448141073 937098720
541697160 770908314
357878493 373447724
193509019 437031988
854963452 913741248
589761059 835454901
509460318 601081768
395896698 742180971
189831545 756066111
946650379 981046034
888535520 941779266
674048159 982470009
422195996 691208268
157796425 231211687
36301960 827052198
970389919 982564054
555486674 862777391
774741304 892105680
903226171 946986115
367825233 741165248
847295442 972230314
617062402 869816100
318395251 625574295
585678946 873643981
776199737 880046249
72419311 595030278
668547720 725156836
874663459 924475591
203545756 650136017
32
611 1414
999998491 999999929
186 1092
999998926 999999859
931 1741
999998099 999999877
751 792
999998029 999998715
453 1929
999998114 999999846
909 1631
999998742 999998881
677 961
999998018 999998248
673 1418
999998002 999998940
709 1628
999998868 999999196
771 1742
999998211 999999981
71 1398
999998531 999999998
127 1113
999998176 999999018
101 1986
999998497 999999979
434 459
999998451 999999681
470 1192
999998559 999998831
712 858
999998893 999999874
21
350875283 350875283
915521093 915521096
374705097 374705102
266076239 266076243
97996845 97996846
388241109 388241110
653752416 653752419
495937780 495937784
893249415 893249416
853557383 853557387
506258773 506258776
66464379 66464383
53853144 53853145
662523860 662523865
173092875 173092880
152882324 152882328
455717924 455717927
183990109 183990109
332825421 332825424
624646658 624646660
993162277 993162278
10
91234347 236414347
455894448 553128990
718329998 938394814
788033323 797404587
820577666 931191406
392063529 614634505
207250181 684445087
269594130 285452776
444301701 748548027
121691354 543063556
15
595221254 943757012
134116969 615151162
260414523 722076103
82817911 498820414
894987452 932802129
66061506 740192594
32159046 277639005
529675672 940747295
847335190 884044166
540735039 762344628
780983767 834270699
835416239 837343647
642870063 932524401
710697664 830604981
190237497 427731756
5
280235097 280235098
793444409 793444411
707383185 707383188
294239188 294239192
56677605 56677608
2
319535012 319535012
899394407 899394410
7
266500637 436700080
995828453 998176128
968094422 982648070
85202544 582302805
170344259 471721649
114036245 696016782
280989617 540878493
46
158859099 804088157
197246726 302595764
386542393 413062717
10307946 370471555
523109901 759640918
832276758 846009327
692880570 725356578
28023962 419291166
876128918 981889298
475296035 562100270
518708043 572082229
992823439 997059269
357587514 866188971
644745636 786674504
581214208 800559101
84906259 631338933
683976087 912088636
839365185 858226501
892398971 949655262
965233527 998363886
508828764 565111261
801159957 815552388
435390049 782813247
470401868 739035872
801252090 916347414
290125486 656037737
65337803 925205522
167071508 335856306
415565556 526000292
309196470 896738765
840426556 864452827
311295848 897402192
222037673 992939544
121081504 156165601
101372155 189089279
620723773 679769728
630361254 971110536
365294162 672849584
705000687 917921692
99811600 406061634
729986321 816870003
562279693 609716511
312705743 997793114
913026820 930046786
361055933 645602270
287832129 476058503
75
977532041 988523558
851866167 932763908
29880778 163681585
74373076 907292145
714369581 933712117
64545376 131431358
339195898 442040716
663698666 785500980
241180741 839030274
63397415 453308847
613828731 918952385
162678104 514683501
347513984 350653746
994529126 996889841
477984259 516179207
605569120 796222672
809300287 816382688
31561918 684736361
139404997 418647684
781409940 980288250
192188130 660092845
767495619 997539167
223272157 836522014
552153605 716193293
700794399 995263786
689230589 921211355
295993177 478596156
947956073 989424995
110729463 115107699
811030437 911502295
915284530 970542365
233833017 732409894
401558383 963686850
533488324 554791348
659639501 742789405
131279299 887051383
49921845 254972312
545997510 560433492
757995851 767671547
671569952 789784005
549175622 606423568
567269686 898762259
303365088 776196235
945949091 950348870
479349466 720049190
345332363 818445239
122351322 830782095
527829619 581925670
646655789 817277860
60793018 410102342
334535215 999268328
711828813 771504413
503370474 860002331
68131175 544244262
317658162 906828690
659323245 943481615
838221055 938486219
887105848 911578581
796164067 905424819
64537826 496840801
235377821 807779015
97582913 935891077
165575566 289496609
193363495 866658509
266148666 468787507
981283694 989806093
619642031 861654905
696730562 929192798
352277378 637540780
355240595 750722071
876023308 888214036
4294443 946793130
723760559 838512656
650450214 694743182
972683487 973670995
4
552 1883
999998375 999999757
510 958
999998638 999999689
53
1 1000000000
942836076 962769411
375200336 467106546
324810157 709962446
47167951 73960630
792016443 807352498
206020818 671597358
232120820 388914968
693821878 790473027
19933667 90433628
261244310 716373726
220090681 820144561
288933098 867253430
86900851 543544524
449754451 589627213
597324981 838238584
71660277 137939447
342089136 870187211
338043847 535012853
843834715 943027849
863235500 981764230
281621796 871570464
499377712 678296398
601415027 952060268
708749252 922204439
497767865 948010283
358041555 435896050
793329689 833416005
385632029 713901595
768302341 962444946
349937873 678065576
844830546 853010604
729119091 815647443
927564882 964433257
296958943 691799249
289434182 816432457
295747160 660280186
273901459 796440138
497930946 609465762
54591690 530771357
697761930 750426262
98339650 171962861
71892941 773072220
386960635 850584058
485338890 642481495
68677933 92177011
745524072 928944185
622532169 863562380
303856347 477646414
166220375 713465937
129015666 751473221
790300770 927418378
477318810 619816754
19
545558248 677325836
500700611 825812156
362624178 712387253
245370752 545663430
256501220 457703088
191048074 845665928
715254255 990716833
519641183 669843056
975037628 986010065
657787262 679728892
186560199 554918083
382216512 831649198
184247529 932753596
533983569 700859989
169186945 509349824
32828087 459571575
636854760 874248616
773766589 837669917
107510171 811092553
2
472522560 947893653
777371760 866806650
10
19964231 417919243
842898847 859237748
764110060 964261676
842063176 914250120
617645577 774284988
563055895 726914013
409252837 653182790
227911637 989007193
347957335 544483716
91876707 375049138
17
58368036 58368041
998035150 998035154
4061636 4061639
145344960 145344961
140713625 140713627
682247984 682247985
37998039 37998043
207550719 207550720
906864194 906864197
823368569 823368573
755467160 755467161
171933450 171933455
5239669 5239674
782870868 782870869
746735710 746735710
11621120 11621123
944703949 944703954
46
638346077 694421433
442192730 770752848
955984564 960090150
619508656 839699451
995446122 999558469
375027257 956484772
702178887 770975043
840370911 972930111
247986300 830456079
372865603 612664278
325556161 996984992
813930499 933204324
477957945 907736281
209926210 655126311
137787491 361287543
821832006 934003878
319515402 360724848
946612885 967792196
622859790 688818294
285076419 483384921
194236160 305552261
508209072 843036946
297851867 368535902
119830235 799841017
812196303 860930044
666239741 821002314
671936990 945816595
350689599 971484760
680883764 958621106
254832537 931377596
890386302 982288011
383359418 700012025
590960020 781473561
921127745 922747077
742305639 814943772
567493114 741133429
158301091 374163028
504353215 829275433
513936935 529148456
728667512 888678977
762052240 804958626
814194131 876857998
352186359 694647217
187832706 497101573
401956101 942846669
214708186 985792301
1
895921866 956039671
3
120502668 486920160
143566287 186955166
996863392 997507245
21
413923871 726248553
413923871 726248553
413923871 726248553
413923871 726248553
413923871 726248553
413923871 726248553
413923871 726248553
413923871 726248553
413923871 726248553
413923871 726248553
413923871 726248553
413923871 726248553
413923871 726248553
413923871 726248553
413923871 726248553
413923871 726248553
413923871 726248553
413923871 726248553
413923871 726248553
413923871 726248553
413923871 726248553
10
1 1000000000
342695707 411481110
698355103 972947193
147677088 697668222
670287063 816203548
109191452 192120279
715751318 983749769
665383599 754469644
100511556 936255809
922132686 982562343
9
418983488 517194170
418983488 517194170
418983488 517194170
418983488 517194170
418983488 517194170
418983488 517194170
418983488 517194170
418983488 517194170
418983488 517194170
41
527 1767
999998109 999998900
432 563
999998697 999999943
956 1460
999998373 999999387
849 1122
999998063 999999035
259 1120
999998737 999999681
587 1846
999998610 999999590
198 918
999998130 999999901
476 1971
999998905 999998989
661 1313
999998592 999999450
310 386
999998978 999999923
897 1736
999998655 999998777
179 587
999998399 999998637
270 1172
999998426 999999455
302 878
999998744 999998775
492 1739
999998851 999999992
408 779
999998914 999999058
181 247
999998393 999999196
283 1523
999998191 999998238
963 1232
999998010 999999435
726 1715
999998234 999998784
722 1200
61
583442541 896559109
156039926 275641791
101989739 921178656
831743556 930062838
283008504 663600904
628565283 708131298
225826943 365440675
12449003 357401506
238607791 911033651
118032250 762037324
399562903 457609593
668361049 915849364
51788511 897015424
713756850 801660564
126260015 947726945
70211102 655531085
576626091 586541513
980648276 989921302
435592402 723633364
18954186 842152866
858829142 892488641
694722551 957828655
948271588 987933763
417777124 945393501
834597615 884150125
539160553 871517663
991076768 999512345
312052721 810093270
724707854 828470307
820423403 946293283
358292983 872241655
259713244 601410027
36716839 484108030
940951442 962579471
520632752 614228687
583356456 812301144
669513023 925613477
461005323 551849626
355137154 849896461
155287225 396750236
209473950 588977498
710953990 772134049
719237032 911722667
934788796 956396572
496317015 848350238
267345392 788860203
577280002 802889724
143702649 315764476
139758442 917626795
676773842 691940325
254135139 712194784
491739906 971972673
80435715 176505306
46444947 594665048
179322724 704669985
519262725 798515227
335874089 725753310
9010193 160628689
867369054 930250354
359940627 887576907
983340209 985905882
6
336373733 336373737
677105153 677105158
299670476 299670476
647428444 647428449
685244237 685244241
947098844 947098846
55
26377088 26377090
811569814 811569816
726217142 726217142
981462995 981462997
679768372 679768375
738144300 738144302
522725429 522725433
178742575 178742576
33864989 33864991
914787974 914787975
651038199 651038204
508982459 508982464
681537878 681537879
517897081 517897084
645100496 645100500
243684993 243684997
351386823 351386825
818749292 818749297
278468298 278468302
835462549 835462552
677644505 677644507
999278072 999278077
512767515 512767516
269775520 269775523
532213678 532213679
575229668 575229672
825709303 825709306
999278786 999278788
827725418 827725418
268231366 268231370
141607189 141607193
636988526 636988527
464755393 464755398
483624373 483624377
97871466 97871466
497157670 497157671
289654577 289654582
656438172 656438177
825851940 825851941
284207897 284207898
940112512 940112513
373666751 373666752
104898278 104898282
232659165 232659165
780507690 780507691
418466345 418466345
886152320 886152324
8626404 8626409
713608122 713608123
487848481 487848483
668014649 668014654
92709029 92709034
590207846 590207846
393415488 393415489
416650584 416650587
26
604886548 604886551
544648388 544648392
594136920 594136924
369294503 369294507
187572744 187572749
525316595 525316595
563234661 563234662
536509367 536509367
408656555 408656556
802175683 802175687
217021438 217021442
61947545 61947549
40760979 40760982
976915387 976915391
648772793 648772795
104048125 104048129
629580881 629580885
916722061 916722063
772070872 772070872
132742266 132742269
544685583 544685587
357190867 357190869
712992079 712992080
624464740 624464740
876710270 876710274
291726474 291726477
20
206801451 714001930
450441164 997259274
181646570 287675893
760957409 894121353
610184958 863718307
653010703 804526954
539984967 607808904
896050479 970471935
118763968 636748932
357534592 490009890
765775884 934241955
341999597 508735217
68379271 518232584
379096666 835294207
281444244 384162137
716106068 960025960
24487273 612683390
362957565 882694950
60102762 767705146
15308778 962227064
12
628923477 628923478
667060977 667060981
504352347 504352348
340128187 340128190
896563494 896563499
190638238 190638240
717787509 717787511
136567261 136567265
85077503 85077507
738764074 738764075
426114011 426114014
37747158 37747162
3
353721307 356940602
314584147 619980031
847000232 979935020
42
20925002 20925003
188691975 188691975
556236999 556237004
197957202 197957203
493372627 493372631
343479248 343479252
973167743 973167744
518635598 518635598
926408640 926408640
592177159 592177162
827003762 827003766
847831048 847831053
783063842 783063844
518898252 518898253
508814666 508814667
496701605 496701610
912850881 912850881
930166674 930166676
467874816 467874820
594833464 594833469
671685463 671685465
11188805 11188805
279386060 279386060
613323788 613323788
696286975 696286979
855619798 855619800
826012065 826012070
621862977 621862978
109600417 109600421
532915914 532915918
852601863 852601866
543047349 543047350
410939008 410939011
524152696 524152699
467932856 467932856
887636721 887636722
918248245 918248248
442148283 442148288
632743606 632743609
204125944 204125949
674974861 674974864
883016455 883016456
1
810888020 966544206
45
242822940 761582054
174818334 984013235
743774138 977530678
758483093 821806620
987112872 988500503
971583911 991705339
917178266 996519442
470505072 813155228
138462865 796166630
964179189 965817395
200221766 773942834
341685004 549011939
936867888 959482049
895898988 986978799
695631791 794353266
790211081 821715586
599220043 839179131
5355650 809440459
619815321 692041282
373927606 534528555
134915312 743342770
716489505 831161064
958712530 976659698
647368215 940424507
16856049 742825065
982202905 984389773
3172662 609913078
50187882 902643609
257932015 838473669
121645653 632626009
794460746 796832778
25655392 763937761
175396980 807262271
161714159 777665764
975724291 986716284
862978118 992124638
138923774 366996950
788041751 862257459
350951950 601140672
208854037 957564488
416888385 450575867
911960816 983472477
336247123 550986249
328517677 549007693
178362320 547106207
49
666972759 883920156
43710785 188279338
708031798 716832905
779402018 967395289
101811734 367084477
235881290 648016138
752210696 756606766
124311810 463823372
397754034 425270818
699294847 838818375
746997782 954036178
117979249 208324674
216852652 456133332
983575687 987364758
650061703 955519658
664385126 745295258
606010661 673917477
605909213 911400554
217631639 704883603
548956913 784461796
409048420 618404951
322564403 866600055
192463630 448377913
805428488 929599755
652816066 903938189
83624778 930426503
883043002 961635817
486037651 912247965
93206331 837366763
713427907 889164513
594003171 842878113
252992005 402840413
226660280 803543663
147607462 557992112
859138532 876497747
468137922 786198799
400291719 848195802
352213890 497501580
196543244 975183236
453432268 913206118
828757992 830902719
51923189 738147820
723721250 928339476
974644415 989290572
359163257 409820798
326520627 543368133
225795521 626843299
621562947 813155071
605135546 635527433
25
161387088 764666098
506341273 622309929
550207013 571839915
998241421 998911707
515036478 692402890
943654593 993833687
227480634 907321625
690659594 713674829
636833748 888201945
342362982 738663014
97474228 861485500
420353442 587354383
94043016 620420392
781264361 886269742
399794826 448794434
623672029 795291642
575577040 712006102
519914874 606083521
587554667 670816085
792316901 867169420
889963270 896333119
625922162 839074271
242970762 728395606
903426958 995865447
167026952 536706087
39
742 1216
999998808 999999813
815 1717
999998619 999999433
777 1168
999998044 999999334
310 812
999998824 999999548
543 626
999998581 999999519
455 568
999998385 999998480
528 1044
999998631 999998864
818 908
999998484 999998539
353 1354
999998173 999998846
49 752
999998703 999999940
25 1979
999998811 999999879
188 867
999998826 999999366
520 881
999998714 999999174
561 1788
999998945 999999813
531 1211
999998694 999999218
926 1319
999998110 999999099
424 1972
999998930 999999005
222 1694
999998733 999999118
362 1362
999998817 999999976
435 1919
57
785267212 825957234
873936339 905222387
388372731 580390439
80324273 448387299
127747607 858663205
304411421 689523351
952449844 974286135
609034276 683025691
865677336 918306134
238779531 983187214
518970533 984575858
588013197 668592401
181491815 676446041
17782006 114016574
139506716 797210327
897448064 916437393
201955363 979002547
350253286 469789824
17927734 593153995
254655069 770341492
500806433 952700509
33831634 669289887
811141462 818430181
229429220 918379837
553267365 918851235
439598408 843812724
588832551 679354802
627836048 676602854
384156651 752096255
138928515 169633338
929655164 950942997
172992492 979837347
82299684 948271419
745958746 792835992
264602954 876445591
792395602 976091015
169027340 795969462
244873768 890009943
928770367 992957689
138056539 314486996
345245938 983475697
179256555 214851519
997395193 998919832
897806125 968011420
442533867 693333940
571004410 672831464
536408260 762820376
303655643 325044114
656885287 860070085
951832323 973897094
801433371 876529945
904777246 981392841
470803306 745544710
371624899 488617759
173764060 684168448
260297306 596709678
457525716 858613723
2
106153937 958512135
106153937 958512135
11
435492211 837000064
541236781 762226440
131535627 914592004
562312306 757521416
173839796 718502966
545987815 616266835
47680170 212298277
658449824 908604862
26429447 572698088
270957479 321376441
582775370 879119948
31
31527947 31527948
999522443 999522448
328860530 328860535
593393139 593393142
980183505 980183509
496777642 496777642
159114771 159114773
562620940 562620945
734506568 734506568
228947384 228947389
732567790 732567795
801067051 801067052
971417747 971417750
812655404 812655406
604368290 604368295
947466203 947466203
41313104 41313106
849609335 849609337
507339686 507339689
773252019 773252022
218385501 218385503
320998751 320998752
181759423 181759423
424588341 424588346
698414734 698414737
250266093 250266094
371628405 371628408
670914499 670914499
202665564 202665566
817459171 817459171
916951288 916951293
11
677241609 742684295
801807930 922976298
809764153 996635141
840013992 985838781
430066773 912249999
153509424 535743945
603983534 978508755
445482733 983727997
366463694 418656639
561315010 820879223
536437905 942487140
55
187086109 553237924
101213649 657461274
411071887 605497877
571800905 643901949
593757788 929451877
801814689 825758400
112781921 908018606
581551347 668548134
427095033 914663471
530567289 686396789
491205345 623768487
825988657 896308087
760133773 812332320
289685581 453677895
227431265 739813088
533291739 971451076
857701422 909947361
109479498 502362019
670908424 793722352
692701708 821040332
308891291 739351865
756858393 819605922
922969720 933955309
112122490 302985490
911073387 941147815
740274110 745704057
614505081 782584619
490347968 495351970
592327203 991585567
391606209 429665248
435146876 776573879
116922508 516562341
986826642 990150864
334209131 650112949
202588282 540698793
796248251 831659998
143351451 616604225
496714298 962670033
74193594 148014483
349588426 520450066
362563175 641908192
801122566 806008304
464847043 659682888
811581458 962964557
174199850 379848444
456817149 600127645
458283874 903708542
788015007 954721136
171817264 256103760
274152143 958438668
61957849 788138176
864085664 986056535
982939004 988609535
898703298 931660282
494524756 824090770
35
897922868 943407680
641863092 896577042
571747958 789278397
377266945 840999972
543447057 758386345
681904773 752204504
666141929 792204431
908530605 986137314
484084716 676393617
738432368 882712728
204350956 769628816
419931183 865665470
485755216 567509695
502545263 598914825
979390660 986951851
857804436 969228756
559808862 699407655
686391980 832035899
724892687 772673728
467818702 623724829
93239368 553025611
815684687 887999841
608969069 610397123
24541005 793728665
179157521 944623444
549398956 617876225
440320589 647558558
413179741 823493747
190554321 660777094
469333375 476833206
739466357 867796195
540263204 942546693
923129931 949789880
988911628 997399907
986497056 992217146
13
529471674 701857836
18564510 686077048
386351359 730143518
618499026 872708445
344185002 826913190
807550430 872075770
178878660 858077269
617202029 980589401
273608370 342528467
651012110 801509801
611985885 861953047
624943857 947329075
963545272 998412123
66
738632004 967236280
1580401 365554195
76180369 695294910
504930567 901149108
233644824 724223647
186573187 443689612
588323096 841273783
160544841 178827872
876336918 899435566
233246331 897464675
522345602 945198210
756416000 889673826
778195417 935512816
127069208 224555950
650434365 695999595
596905004 896689019
801744451 830507596
84348695 540691380
160974564 852052489
341900861 604631327
806603874 906956012
899941846 917887320
300990862 460041037
523209527 614773270
644438936 754302672
178784147 430960136
852015060 852355691
393275344 932009096
211908148 638232075
433457065 660193259
636295472 992011092
715973024 900681334
919681477 926406025
978308203 992798120
936526955 983867623
560359721 855468388
777497557 781342191
8802802 762818869
604273474 700059866
262988221 457754109
953832757 998563554
209157646 622384639
449603579 790538715
247873482 721038663
95751063 825318442
512738173 638213552
118462911 903589639
854462198 948028644
405883358 463617221
15270077 574173026
147131985 924760430
765788670 973509099
537389344 953031637
551767267 832407872
584476952 954803177
136165057 785696006
452276557 986867740
220726177 964937433
638306751 979505892
876655092 905929656
96497928 386843253
157816678 558626785
687574282 923939387
963315501 984341212
474861223 688294296
240745863 627066854
67
936985709 936985713
582818952 582818954
367428112 367428113
298791570 298791573
636085625 636085629
520012140 520012144
727871532 727871535
702463046 702463051
484966221 484966224
923694566 923694566
720085483 720085485
31917600 31917605
486392679 486392681
694626591 694626591
289196445 289196445
962283540 962283544
763652600 763652601
5502428 5502431
682616372 682616372
919859135 919859135
774407789 774407794
424576318 424576319
644513962 644513967
835299036 835299038
959225842 959225842
651170120 651170125
555939655 555939657
710879040 710879044
47802373 47802373
297006228 297006228
526616042 526616046
250382627 250382629
850072246 850072247
470187320 470187322
997274853 997274855
170804572 170804573
489099543 489099548
120242392 120242396
831656924 831656929
309948008 309948009
64909395 64909395
717830397 717830402
503945490 503945490
314691272 314691275
40328676 40328679
39579623 39579626
941976132 941976136
271999402 271999406
175363395 175363399
869181334 869181335
8744521 8744525
96153670 96153673
173429453 173429458
93611996 93612001
670182632 670182636
816982798 816982800
185483496 185483497
271052822 271052825
392241488 392241488
784834322 784834327
227861325 227861326
799094108 799094113
971509546 971509550
86601956 86601956
154023712 154023713
956306248 956306252
898283814 898283817
4
124619747 264919694
124619747 264919694
124619747 264919694
124619747 264919694
30
509216558 859971490
246323143 968706324
644926380 688388847
280129958 638286939
328578840 558748904
463106501 740738304
386339023 860505526
324732678 407824149
949648334 975389944
243225084 675348619
8034063 372600161
96108811 627414092
158333732 505246363
261717015 487135647
474989146 973631296
238777132 643847130
300158346 920222256
99482349 987448521
727248799 937555895
762631656 906043617
625362490 869700498
704128983 718223307
812113475 939772477
512946917 687174719
175200916 927905298
339778711 467826233
123840191 450335776
856898393 953333913
449913978 477583938
351942004 974719708
17
101886456 285872488
119399459 704122542
900178908 913593325
705084249 884129028
246764088 793310382
978966168 997960707
296876124 956628906
824670612 866562474
761898006 993014604
467828654 528070455
410986314 642941594
477484915 713094190
21543489 907564706
995019496 996596035
60477956 596507822
400854855 588762072
449995619 983625563
7
508753545 508753545
785667373 785667373
775080589 775080592
954550409 954550413
269416705 269416708
666898297 666898299
187133507 187133511
2
778869445 949491818
338876462 831601609
28
997096611 997390798
936713427 944336191
272640471 375637485
930355060 978567757
296719520 885076855
517377773 670088506
227069376 414887381
174207274 330423757
508870411 588418269
103817546 841874214
7227718 817889102
111137855 608693964
583807624 687173870
877072516 960001516
876614001 915470719
92787401 963669749
560687681 909133470
560613701 787634544
938517914 993091449
712608930 781224609
794576454 889363479
145256318 520394787
5085177 889632309
859312281 902333788
612993878 634268689
160654432 968724118
48243497 885901557
858286443 950397545
14
64055392 156603063
434370879 862314825
697365295 850115993
949135560 993650851
688604275 716802891
399553859 914849461
295742537 937084535
69982504 663217836
663516681 815700787
185340532 352673637
289823700 544278632
617715180 993960364
108308208 839080126
701366571 991481825
32
657672595 915587632
44402356 560145743
997035185 997891442
391207477 622108272
144637271 809555943
401752032 426702862
122950800 850763397
999898861 999906547
945276531 989318970
804406644 920114034
16529200 657744745
3694501 932834742
620662047 859242588
417012834 758785540
390829509 563207602
985613600 989831454
113233964 437933432
481085118 883366951
966736504 972240053
292249186 953938072
428153560 968828860
733619632 861032358
909727696 994061337
695202337 772942441
474880201 541092860
876209225 954922771
599801841 675395273
998915184 999051368
810931911 846809374
337946026 604192544
563106784 792185525
72513105 897410959
37
163499620 726530966
163499620 726530966
163499620 726530966
163499620 726530966
163499620 726530966
163499620 726530966
163499620 726530966
163499620 726530966
163499620 726530966
163499620 726530966
163499620 726530966
163499620 726530966
163499620 726530966
163499620 726530966
163499620 726530966
163499620 726530966
163499620 726530966
163499620 726530966
163499620 726530966
163499620 726530966
163499620 726530966
163499620 726530966
163499620 726530966
163499620 726530966
163499620 726530966
163499620 726530966
163499620 726530966
163499620 726530966
163499620 726530966
163499620 726530966
163499620 726530966
163499620 726530966
163499620 726530966
163499620 726530966
163499620 726530966
163499620 726530966
163499620 726530966
64
8 854
999998784 999999677
78 1960
999998228 999998566
428 890
999998649 999999004
271 408
999998478 999999135
467 1640
999998822 999999492
910 1174
999998671 999999628
121 278
999998169 999999645
642 1561
999998817 999999968
740 1858
999998662 999999667
969 1719
999998956 999999115
35 1163
999998809 999999887
372 1938
999998449 999999387
411 534
999998015 999998973
303 620
999998414 999998540
844 1996
999998333 999999778
176 1954
999998806 999999994
962 997
999998083 999999232
194 1145
999998714 999999056
260 1385
999998732 999999756
989 1776
999998542 999999868
954 1811
999998239 999999229
580 1191
999998865 999999842
21 1790
999998332 999998830
407 1272
999998704 999999870
328 1080
999998805 999999807
884 1047
999998601 999999056
593 1527
999998226 999998708
138 674
999998381 999999622
123 1691
999998898 999999359
419 1429
999998809 999999073
56 1807
999998866 999999957
670 707
999998031 999999747
7
1 1000000000
811355241 972316869
517558949 871682225
775064306 969575738
332254032 827632625
957740398 992506953
926083177 954886036
20
876895228 967278196
38045352 201367479
10461637 204106780
992198595 996915833
910246189 918633198
910813492 952795902
599944582 725021102
400242657 596107315
767230521 828790678
782421537 801823362
324281478 576106723
634305123 759677047
13651509 617286202
23592040 589659463
737337363 800570135
901977954 941313085
3700350 750387810
916274074 973358612
310188913 494666050
40132352 132232829
16
308519968 763744277
308519968 763744277
308519968 763744277
308519968 763744277
308519968 763744277
308519968 763744277
308519968 763744277
308519968 763744277
308519968 763744277
308519968 763744277
308519968 763744277
308519968 763744277
308519968 763744277
308519968 763744277
308519968 763744277
308519968 763744277
34
514953885 956770411
208758524 705251132
942123727 961969024
847220956 960956617
702262990 861165535
633236844 919314448
256890891 959422643
180036161 645287313
207624786 271117119
912169418 983348567
764900736 893472434
303346834 903633967
301509882 320165353
177995201 317209747
628843919 866812240
779274224 862084543
770701247 901581632
713856507 869599958
907794274 976674902
445077568 693439219
401734785 706647551
612683366 685391365
8045691 155957536
716927119 988484259
792837170 870958770
540343955 810659143
949998273 965710152
319335378 858615580
893282681 902909000
235366244 290512382
285050384 776609000
699958663 960697151
839726340 911936552
343138004 804973326
6
213222588 213222593
531523149 531523149
562273685 562273687
808612104 808612107
448567206 448567206
557339382 557339387
1
386473384 809805978
31
357258987 857406969
727681109 998731240
595277655 820248019
164187416 983360404
576696142 944460095
502101919 670448103
150653076 153372250
970930119 977591243
419866490 765539154
688406228 978089699
483250554 751205338
346813669 542325219
312240181 655103553
659050694 847995868
433996764 611469651
285686645 986124005
72708021 786070589
384047603 905139952
305912447 796700874
913551963 989762393
147335365 810985481
730771142 973386534
329960015 734484677
791887264 996504868
228955568 303891053
177922275 471298259
458860474 654278441
79736214 923972838
33148260 759155555
411082319 835225407
198848623 649017148
13
251 1667
999998449 999998595
530 605
999998738 999999404
110 1062
999998377 999998583
945 1164
999998889 999998943
703 1137
999998653 999999908
299 1232
999998125 999999027
561 563
49
1 1000000000
78406141 383517774
790595872 924563764
526658089 593473953
414534525 839471150
526396629 535684849
526730437 717796404
243692351 674322966
655804288 690098430
227137166 352999287
810079694 845481344
364967296 735383101
435634604 802819927
977329305 989226991
993590510 997801853
88709006 917541970
138177497 492301402
800283687 929065782
417211411 762518205
886428379 916135915
174630486 526962490
273749320 974454489
476681322 946638765
151008150 903438465
62672638 524538818
779416868 803639733
8848677 401893067
498047507 946508724
307301332 494129909
515434991 736245361
951187946 974448787
866299561 876416219
30492292 487555092
417493607 610101860
387890071 696875986
993734737 995575816
728836610 997272520
252429925 728960238
228587515 673891712
502588933 714219346
177970060 188128454
128177407 611244790
781955198 905843118
240637189 910354489
926052735 987131977
735150553 751893884
749574761 862750778
680785933 685428445
299130803 343525002
15
845463244 865815290
280880082 660509291
176967497 696535708
161019614 448847945
641253768 960442691
304575095 666988968
100620375 930724473
674341810 890472418
433811193 658599417
576446267 620783073
745435534 752720348
306522546 965046979
412913711 594629842
38084314 668645290
10081765 754211365
6
798142469 798142474
562514100 562514102
902333466 902333469
722917750 722917755
292777132 292777135
964274666 964274667
93
925422542 998217714
984162449 991642077
565353719 690401880
920584205 938757189
159894613 329800157
56477130 189817209
44547332 894182600
147523826 763707285
190775512 828160853
123862698 386373769
420418379 596669917
403181888 476910236
830218950 862072117
391442650 663121451
991018534 996020217
884879469 888187868
263176674 701075489
884628128 967345297
896325905 987357394
975291220 998213775
45401271 942423021
506763467 813542005
215503717 716744592
189829258 900614843
360906366 637613239
887937164 926613460
202692755 434060520
210683267 602505596
7712038 55713310
110978102 427759004
85439210 577949851
511884625 687593395
811141173 893604321
114056414 530750747
2834254 701085892
539146131 632272535
96033646 372076870
99089066 845767136
405654150 620713939
514689503 968603955
239785078 930039930
723357713 864717489
761632632 875760887
41378241 162608661
227473979 528994200
726065317 741977474
311548454 975711978
211868127 795762779
965066857 978264895
753919805 988683109
67613242 573799862
791888790 840380568
776955866 907099456
785020227 873149460
602016221 806076131
630384455 787656411
54578907 929820171
879226324 923219733
372481347 754333531
981807336 996874497
247205425 411272579
966591706 975863876
160783402 652298216
44815530 208775571
616248229 664438246
324823943 871747013
552714008 990246643
514368330 841512606
975823466 982799664
912746151 931175139
584444472 881547516
369456553 828010318
570130841 924534254
835518609 995345406
656877631 823658981
707328383 821229041
597831812 934002248
22123613 851515769
380801266 893146471
6526376 476032732
321900809 368882385
372039107 695464947
261953677 305062524
457455012 643534463
54733334 672436042
353470471 668999364
589779212 937665222
922970235 955379127
67755723 232187451
560801535 801546514
204499228 829788758
413338254 738758304
584372809 823462113
1
646556867 647863598
1
288549028 630538648
61
145125816 789169490
651145161 807645634
634842213 685419731
201310085 355875112
388091307 583490362
359775824 456982157
141908675 495004151
142052587 387064551
895643866 905576156
194055162 853439884
204802186 316133004
950298966 977764149
501703569 877646554
280169707 732458184
476042844 996140937
37346255 295655560
14661516 593287095
477623083 783627204
550189380 920371971
455422853 519787850
430939317 992709644
740361603 997500863
977338489 987014420
451429233 613253635
62178181 969124459
702523544 766232158
217459567 701723690
53638502 170535488
520339846 967540880
118594787 195840888
521301541 729598935
450082447 537752606
651433318 831395200
276855042 300949384
896554695 947039920
704230969 914507716
630565658 687767056
202373727 967710394
106702372 283969539
239626888 626219114
251073632 539639591
201217219 880292512
232320869 634848625
484885100 564943471
812814915 917002125
990145551 994838573
141165625 972397199
91946193 267124504
85259354 138810002
361273352 895252198
887934357 930808359
986827411 988875942
643539215 772126559
122173251 204280271
293056128 916078911
841407367 907160223
802956209 835563635
225377172 671134552
507637517 679612687
160344503 246426812
390355608 568484814
24
629528460 667954223
262895134 428542890
713278988 842497199
283045545 809095409
639105110 949185982
153377728 439090228
505865902 944739575
362481737 685931255
730356604 804884103
563660385 611252783
910252720 942490342
529880405 646582591
94925946 665625740
409410281 640152372
269422289 545641423
842575764 954375744
259168832 264550973
273262905 416675386
339239469 375024456
97670035 632998161
885463248 954593921
453315999 591022564
629461105 861855399
946187322 984207485
71
424266566 485453347
342129580 425448043
54094310 901016545
878779369 894009769
856197501 934588758
66884945 772381766
819552577 936176042
788639978 880198148
972042989 975717126
247982890 977110678
390730920 980436675
674268535 775086607
990514097 994412022
530507426 558796595
524883267 603378994
332637778 367461509
592833500 889269310
207401184 402984874
678410360 930890198
836040479 943642138
973880531 976991093
176609854 965976367
739355004 988185237
696469814 917682175
980896257 982976319
119831521 888472503
908067281 988261368
240080537 667986857
47303463 641645555
629154323 732917750
392569448 866409874
844192490 964874659
701159351 927183346
207682793 440475712
685638327 946746784
268500870 448677191
649360781 757003319
647330823 890087409
279247498 886168953
918553399 921539228
120136512 468293181
692332030 863146806
992236130 997454246
683015133 779827310
312726992 670084250
514938784 593768119
119284565 916308882
503278106 572418696
726666022 972533534
126863739 823607299
780365290 867431513
935923396 987297873
126876842 512478846
198506570 770025632
561520273 815276688
152553198 366413949
48782736 665215543
737849190 940917755
319919789 613695234
485678974 704703677
291710404 372357590
157377617 690353984
145073108 676263272
173548579 900144078
373380428 817040631
296211101 707637901
160688115 280984885
272942263 923564642
172925367 418820264
465050444 953346015
885849693 993226669
16
289669826 871365665
289669826 871365665
289669826 871365665
289669826 871365665
289669826 871365665
289669826 871365665
289669826 871365665
289669826 871365665
289669826 871365665
289669826 871365665
289669826 871365665
289669826 871365665
289669826 871365665
289669826 871365665
289669826 871365665
289669826 871365665
29
419631299 621407943
419631299 621407943
419631299 621407943
419631299 621407943
419631299 621407943
419631299 621407943
419631299 621407943
419631299 621407943
419631299 621407943
419631299 621407943
419631299 621407943
419631299 621407943
419631299 621407943
419631299 621407943
419631299 621407943
419631299 621407943
419631299 621407943
419631299 621407943
419631299 621407943
419631299 621407943
419631299 621407943
419631299 621407943
419631299 621407943
419631299 621407943
419631299 621407943
419631299 621407943
419631299 621407943
419631299 621407943
419631299 621407943
41
614873969 614873974
456383265 456383269
784384807 784384812
561588824 561588824
866883630 866883630
942210045 942210045
624760830 624760835
27018027 27018030
47358957 47358958
764048106 764048106
69347319 69347324
922812974 922812977
475362753 475362753
447491339 447491341
52019653 52019653
765360430 765360432
547090940 547090944
687092082 687092083
947004537 947004542
174811482 174811487
401264377 401264377
271019933 271019936
414977066 414977067
169284429 169284430
367542644 367542646
759957296 759957296
68957186 68957191
761319214 761319214
692925637 692925642
814298005 814298008
944835967 944835968
281316217 281316218
567667469 567667470
792345021 792345021
975509180 975509180
188686506 188686507
283900018 283900018
176796451 176796456
921215047 921215051
315879825 315879826
67831840 67831844
1
691155621 792064293
49
993923186 998384365
892137379 958872980
627732319 757876817
993604307 996039738
189611421 680093693
65911875 265632928
591095555 792563536
358116038 667496843
138746441 363061266
86046433 849256401
512929586 908329537
522105305 525709561
110067460 594007272
338852022 547961408
582897030 595700392
736809213 794688934
47126197 465780404
937821365 983305633
984929182 994786347
566155166 878245737
417242452 617334630
139108435 674982928
142222832 554345792
454351390 654072508
408294773 532684711
199286780 380788259
980435440 996399072
920170557 954301073
12233425 724971818
945539564 984220442
607164283 635840276
368237620 806861909
103387579 687793742
415044414 886555927
238484096 274692680
48742123 182756035
128866862 312717209
455127769 874789385
580610444 837046699
20560011 991375266
220085355 282086132
69779655 351555405
643448521 746878605
995185791 995493326
821067119 962066937
624530359 673638026
788678441 832287896
385803034 487547494
515037096 848573374
66
72011363 739651265
627745066 707957137
633978242 732692822
701777781 805779136
685351708 936629048
153620513 207063628
652909141 819301337
641836057 680230290
319825160 670791879
654744121 673573863
489087374 709160258
90735758 417462408
658425789 673188279
936993021 959646968
16591066 151063151
694758064 954086093
412890109 845319543
918185193 974556545
654775823 914425329
185126649 301641788
512982771 926959809
58800728 447905647
137788259 487276491
84916480 801374682
273487416 953090194
101077949 509162770
380944432 948832728
782067625 911208028
843507005 870534456
468120360 834077613
688258456 779327694
550518077 569435946
785891148 881077456
493913099 871122039
53515747 74116625
717129836 917180114
32901252 919356970
214340470 529382521
809122422 847890671
89217885 557419485
768893645 940000211
170801116 286739908
149785147 504548002
841228443 940846209
487735789 680880267
824158699 900684798
709067469 823377016
910530215 928629827
346551102 858205920
514165317 686728811
483925028 541479207
89028346 174073065
788439927 831386239
320827660 499829779
200710388 668272011
348999291 577644478
9924743 594996544
1155060 311962886
59121268 613166621
222219432 437898299
15134981 258483023
919689326 964005157
41124632 544630090
857752646 989408533
828310746 865949877
33403451 985255114
40
170499529 613099726
345682818 483834924
267183384 418351062
403662196 723070128
379169231 575505605
866718054 869207790
145225456 396413225
197808693 224523960
143811457 853580078
781954396 936745477
782416311 820494803
636202743 671943594
458068024 980085560
774452327 797982153
543252747 974127112
329614122 965408354
145088292 587478933
8253896 923066003
571773437 901489665
373472706 711874978
163569368 224724599
910492835 982388423
771428821 874148945
575670640 675617615
627731612 940599262
812410503 854856351
32910812 481677906
9831628 838084966
677862168 842587940
872511418 920456241
927010408 969154281
946884932 991696548
480325080 808846134
102130900 707710888
209279449 843121996
348509397 874705442
400605382 789009511
994406508 998643151
750457585 759185507
803367000 821130128
9
115964614 115964615
108126279 108126279
118428409 118428413
303020399 303020404
939167686 939167689
832119922 832119922
233801004 233801006
288181938 288181941
971906917 971906919
8
375307692 978932713
829533202 875129709
369280628 674445810
116322820 254594441
567110067 939796239
455407043 528201299
657188460 820377593
755940005 947552433
67
718827293 849532174
881702728 922255754
154391386 157865064
747980090 982996701
207641298 929321603
320906165 515256640
294984940 907827663
484389204 637738506
387077500 854593936
343401368 716258752
539162485 718524695
280587773 626352354
734655633 776678187
869157471 985255222
545559521 907203959
851242647 912782753
293817514 375402637
56806982 848698383
470288507 654016969
741727519 752391366
26181032 52913945
509713709 657537184
129502305 679898349
488426186 975205727
878489914 958720145
671584644 695658833
592711589 958435136
391034367 649460642
526610819 876882744
208665368 848089900
835135031 854574545
110323801 329255011
780980103 801533493
494286891 955881218
244768708 774968529
326276915 701270419
811774171 824782328
824335888 901767027
250654888 782166985
337931926 925225324
998258277 998537662
440447085 600452716
129594828 560296307
447785937 810582084
506714604 624680384
333847806 455590781
885984901 900717435
208674048 811886150
589307438 842731994
918836906 928026128
4289555 873635713
544094991 804596844
315105570 874063658
566066493 667064706
882982899 892458822
122659714 275812792
174916405 945608413
691414670 814040480
402310907 646019771
463629704 531800478
950376481 989915731
757113463 994769762
361402225 748636060
60629582 527324416
308013925 933104948
975190061 999221974
441358336 740363879
22
744381909 744381912
740069847 740069848
37078253 37078255
840784973 840784976
146112176 146112178
482140611 482140612
380781566 380781570
424329790 424329791
773860284 773860289
33429941 33429946
712910553 712910553
319079999 319080003
29450910 29450913
206876658 206876661
21596536 21596537
37893088 37893088
759296490 759296495
566307835 566307837
858269535 858269540
567295617 567295621
57283753 57283758
441241723 441241726
3
16363710 99769651
16363710 99769651
16363710 99769651
