196
1
637937708 697796804
27
1 1000000000
350957680 602217156
145077989 463960954
152655197 863432404
972545452 991391257
6159000 741196834
756752576 801343031
160631547 485735113
180371170 417017258
354484822 803887179
223718761 279713166
754821666 868694005
192029297 644873900
349048313 869595539
96368483 981183945
868684057 893963023
149152527 525929776
737995694 902675180
907584804 944200608
531309235 995901204
692974822 977462121
689722080 927300518
442358412 615479992
808569440 981277088
876430905 902324525
57361154 259501835
223227565 749532062
2
955730281 979324620
630085864 841908907
28
303197443 931669036
650199580 900601800
714319896 987423378
93963350 517173939
74397866 811826362
517206314 754112737
566322750 884201116
502935839 581241815
487364614 852180120
677131664 754223932
806598456 890167076
935826846 993999715
459034603 473010132
385574197 712347774
367502925 429679242
891492758 973740729
617067941 775835736
668835822 802007615
369149523 780706898
407853308 792584599
328950700 948123455
971996009 984786379
13559844 855328365
606754480 653468835
868780438 959834968
955766172 971463210
772708253 964001737
28945740 793603877
32
792785125 904507287
520452010 939402509
423624113 713867175
436893102 608203227
672415674 704645102
336357908 459984213
294896175 955995720
341650546 427322857
244961262 393522789
60624095 127185869
879024228 929173159
68960433 819183384
307200456 461723428
782657196 972030938
852219447 895968884
378179687 747727705
610822238 805078968
364341047 977646963
37764986 141636550
584305253 844956142
376341121 626323205
944140135 966005966
649454480 876006209
251340669 629919908
443480718 661809243
858361469 870638320
484831989 650942632
267951713 931827307
940181098 981381243
463380142 827229828
347465920 907388412
231482906 358765277
26
1 1000000000
851989557 898076381
607339383 743529196
784739301 841541321
542719532 568986644
678058390 838530267
559960411 622552357
559733825 889190534
500270366 833712094
243800656 268595142
808696120 864775261
889060095 939303369
925783344 992166189
282147736 959400821
690148536 748219540
642747276 651976492
963573662 990802993
720834194 767928589
956052282 997611018
187663541 957185256
22644546 104803182
140795581 847044885
822199753 936934713
521716069 954522189
452817475 664696408
581039336 606805385
66
590471954 595518369
467943085 866309409
963402885 991228335
800828447 941586493
442578257 488198552
569878306 859210251
471347902 734068694
987337908 988630602
80145991 606313203
983459510 984111501
568954979 936521938
149303237 212713615
64971768 870870737
539899877 596971102
589341159 784095842
646953975 707178494
996820900 998039089
549737049 880663181
687944601 865022381
804292891 977888161
858892684 949677059
370972887 450489169
554024520 984143147
755308712 942085302
32957919 620283993
725656639 934103579
22742741 389572070
541811837 697337281
673789205 776481879
304870427 506805992
340812554 451389284
293777120 571985882
951394941 986237302
708310313 820619012
966205546 966578948
750118142 943937249
522140031 610995358
154332995 621028356
902367041 922694483
307021004 998068479
615838123 693903571
889400336 898322965
416600944 558119162
514373762 615164854
343986794 786651827
850130039 930968871
200634965 273129190
446513964 752296337
58709824 407029544
887326500 964817293
462309924 987596125
235438940 349241545
666147579 870562673
868565087 906555286
323651021 699673863
345441128 997985657
912813290 957686987
7172606 109829612
796096459 910710374
331007839 421242856
879590551 980586904
20936234 707361343
287453647 609571170
585005180 605007420
419325087 563849189
763965604 981730952
88
494019578 588071837
536817454 683770908
40503125 284723332
191697434 985658364
896136502 987346613
684115613 697982166
207923166 725863668
842269558 971409664
966079542 975202125
570307312 654144441
179834279 536913422
860920548 969574094
894207348 932890177
663932794 933911388
899242732 971093247
464190157 872596265
745028229 969608439
233389448 528015491
187320807 460174065
147679556 694128068
472814116 491143529
588846420 948224022
940579420 965248170
376057809 566145372
942804886 946080868
7166046 319574764
462682378 580350662
232733193 589304433
510713930 871967224
262875783 940437777
522469936 946440199
471055677 549751196
538021700 832469873
234466332 892070747
128069871 961673237
193821011 729920710
141049765 470346317
661024826 839124955
698572027 878380003
433524355 489857590
266341388 480875084
680180059 759625367
390865010 434428015
445506561 610465044
425812865 498189989
438196537 626140855
625511842 675462764
630175433 887144537
964272888 968135784
304130835 664681221
100181993 726416656
412927936 554817858
738653275 968618448
605462350 886485989
176535260 680667546
879225787 964134595
454368670 776571785
720275846 776396905
245474362 659291098
879847318 912429574
531405227 987497102
82349090 412449140
406800122 722567153
896530848 958618520
784835955 932708318
625449444 705096191
312606669 559929703
728752422 942880079
169175147 406888375
434484361 646698541
925232317 989196062
786983907 827584406
223530821 828842382
984455306 990899405
926129757 934439136
460271783 575876860
643477241 981084255
512759292 615109393
818836593 972691631
957872019 972333726
682940327 861701940
467493685 643125625
34202519 979514287
353451910 993075522
58188732 227540041
955193708 969295498
398970933 853833070
342794315 693847781
19
859983255 960124782
770874328 878038906
207631065 619955373
960861812 981070174
953788036 978837899
60396419 401545028
997236294 999045631
238041078 470108590
435624883 922228572
756761152 978661334
548280367 549769607
91372419 335064503
259040293 919296014
52669756 349931609
572482380 890478602
187237567 261794994
639428832 643738102
272516797 402651854
890681479 919494240
9
621480842 621480845
247551244 247551244
111750657 111750660
695390786 695390786
890194447 890194450
167853936 167853936
735275089 735275092
672107474 672107478
79001189 79001193
1
538006502 694576969
28
1 1000000000
52489146 836436943
113259157 148746059
808956693 846160034
48753456 128824668
582975739 646732886
726358859 744132850
284958795 907738580
272683809 590528041
915917169 931874412
372677231 964919952
122015141 353555090
899277523 973217517
843467942 888265181
554700867 721215852
366761677 536107167
526345655 836553230
263756290 589320267
992664280 995908998
158174721 864108267
830400680 969922146
287234128 760495303
157225521 594241096
281625878 390603673
315035335 906304021
672170220 845145112
771367853 878705715
231492328 358591108
1
649285505 984883945
25
214484806 915534774
169496108 251306313
953350493 990565360
29701994 518697455
97202120 574912593
917227090 934714051
316106313 860786623
613496887 750113408
181319503 405374981
198076715 391204690
967673161 998826877
234958059 818864377
954639912 981735789
394706003 823400810
462353632 783486376
1301666 371188817
491953773 659531982
40839699 322984143
121969100 608604110
625206487 941324384
650010047 788154919
36888913 797095771
357732043 621106406
920524102 955105307
696888114 829637319
82
413143264 530590877
983129525 986089331
827195871 882712819
705599132 711563166
836227426 980299686
974508410 996288038
257709360 756329451
891296465 921314395
838948496 843200135
292515125 769905844
922444958 997547521
777524084 782460523
839609097 908771268
768716071 858052486
836997440 868615116
305479001 982387299
182358413 528398439
210970124 297320488
298195853 713607167
679245050 798640672
886901859 918899807
773656983 867211209
690441444 964424275
255610619 460157955
757584202 767272993
974439216 993937973
264635423 816562869
335937729 601171397
203731575 794553241
723786493 819139785
234648177 676075688
628275226 808133348
318332216 520046041
931810048 987432378
656660327 884408303
987862988 995257096
511579571 810654240
216846009 990388278
558384892 960962861
98545192 791739943
989765293 991549041
471727392 702715302
149877172 684113999
153266604 496581599
517164144 949855155
967927677 991636406
538780040 660749543
70484945 760349033
562790801 591366416
355893900 626377705
249930004 508615828
160673392 262412572
131787427 942294965
763200436 874848393
867158695 889253652
460401557 811224663
479755159 634573138
177591609 394306816
300518565 605755493
869774964 917760569
522796722 846843134
712004313 982645587
170020616 520349260
986826112 993232931
426517871 747854392
211558239 860121117
483451809 834468425
40814561 913771793
162973276 512892975
188692867 528056522
543298833 959067902
746163625 940684453
761941271 890704959
900927936 986477904
584802501 672134104
613043590 908650312
500544591 887366369
711315766 711610795
286152428 787001206
706205284 902512824
302394364 653779703
736681457 896155402
26
745814519 745814523
811142986 811142989
475773789 475773793
189481605 189481607
418329403 418329404
330434702 330434704
474707537 474707541
879557287 879557291
366009249 366009252
388442629 388442631
688831913 688831915
308969056 308969057
939791032 939791035
854454753 854454758
360472877 360472877
176133460 176133464
676649624 676649625
414430788 414430789
711326678 711326678
625150923 625150926
282731007 282731011
497684221 497684223
77664757 77664762
68022618 68022620
749044810 749044815
157163540 157163540
45
379900459 601419230
379900459 601419230
379900459 601419230
379900459 601419230
379900459 601419230
379900459 601419230
379900459 601419230
379900459 601419230
379900459 601419230
379900459 601419230
379900459 601419230
379900459 601419230
379900459 601419230
379900459 601419230
379900459 601419230
379900459 601419230
379900459 601419230
379900459 601419230
379900459 601419230
379900459 601419230
379900459 601419230
379900459 601419230
379900459 601419230
379900459 601419230
379900459 601419230
379900459 601419230
379900459 601419230
379900459 601419230
379900459 601419230
379900459 601419230
379900459 601419230
379900459 601419230
379900459 601419230
379900459 601419230
379900459 601419230
379900459 601419230
379900459 601419230
379900459 601419230
379900459 601419230
379900459 601419230
379900459 601419230
379900459 601419230
379900459 601419230
379900459 601419230
379900459 601419230
16
1 1000000000
663570101 695169293
433618296 673107906
694240531 736333346
469899617 911800492
624496166 942040950
426778113 652734084
565073801 948715135
595732548 919363667
3030616 921514849
953659369 978974096
981784033 990397073
442273709 899687606
642540229 704377724
195840464 413248411
460725692 512457214
6
873227153 943337775
728316744 866113880
70042133 484711132
785615995 910265034
981649684 995713439
167176942 975199835
26
609749689 618166678
854029817 949808951
129218075 398982500
963173002 977841338
472602444 647931232
459429291 997035703
55547296 732200796
938780908 986991092
891660210 948323644
894210453 903065100
96136534 442164669
693784717 947055539
35164523 328535048
663517912 914276033
224578362 470303900
708170060 719831711
982161444 984126703
540203485 852201513
909330344 964969849
518934920 727589076
847051038 924492786
966986537 997450143
522637321 961769294
346010963 419484136
772370750 864229896
936397711 973313069
6
780374265 891374044
777230517 784205025
135846225 945790326
158484803 664639400
371964454 914537530
686811175 784117386
56
593623696 650193784
662282887 883439284
916787887 937323805
220347851 716163597
603294537 759982397
839031131 943724689
820646022 980377685
711832904 931422867
629849892 877610474
870892757 948810164
904470239 967511361
186092596 538927244
605345077 620594508
160769639 745926716
445959306 805030601
381672212 830419190
265912185 281592093
146951271 212852003
435850769 571989225
542478066 697404349
187196135 253992567
316425715 644212408
439905536 952102295
979577351 986179533
438091112 741679201
419631598 528475662
668154142 770811194
475974210 780530015
358474635 443277784
82264920 644446909
191712534 972849885
170817092 688494984
980447817 995283956
945258382 946048520
77014831 530997628
507622334 740939827
39800584 384834785
975438883 979611696
12165750 878661475
448259299 922486095
826316987 992093544
510951063 942633713
517993853 614542014
773055620 868639216
212524095 830854351
113550814 179092193
734063421 945336203
850550946 995934136
90106106 657790876
187063079 886666567
383254664 639985148
50673565 655556931
711725087 786553686
321549014 574643379
131528461 610540237
972042363 988938009
8
875841105 955044301
220666304 323102826
752716017 899216821
258461274 731088704
563860558 729428422
711916627 877309323
301368264 376978662
649232498 829858481
3
514411225 956047542
550771373 645316756
842407418 940691019
12
736254894 978986635
733134937 738619839
132673088 960395965
147409775 506775474
241805470 954313999
724049568 870665291
376195061 883365404
655232131 713315205
612611322 844700970
190793872 344480236
930840222 975007781
773748410 908018675
8
806501412 842921471
570592395 844394094
882091958 982532709
735607499 817517638
304706594 668832492
812591211 883994600
453871755 928027639
322689093 637402770
1
68781010 319173478
19
1 1000000000
576953230 643289561
210909761 935116525
573497115 661097357
334424388 420840855
135250905 974374152
200919981 230415168
725307760 917406281
453394099 887724659
208277110 723382544
534141456 596227624
415604865 636561296
429262064 735913256
885855688 946185101
175937824 844713359
848292539 880424906
934374256 952923101
354331118 750670595
880191606 954852965
25
34306771 841838077
34306771 841838077
34306771 841838077
34306771 841838077
34306771 841838077
34306771 841838077
34306771 841838077
34306771 841838077
34306771 841838077
34306771 841838077
34306771 841838077
34306771 841838077
34306771 841838077
34306771 841838077
34306771 841838077
34306771 841838077
34306771 841838077
34306771 841838077
34306771 841838077
34306771 841838077
34306771 841838077
34306771 841838077
34306771 841838077
34306771 841838077
34306771 841838077
1
77708912 570889135
6
303353678 836189787
303353678 836189787
303353678 836189787
303353678 836189787
303353678 836189787
303353678 836189787
14
1 1000000000
162548496 801093074
992030491 996873402
896812779 945870111
430884860 847075464
654859493 973068666
464487788 864487704
4346890 970210663
348431374 932921152
48248473 248631430
322916541 693016489
979203416 983804055
284410702 832399262
398362434 812796530
13
1 1000000000
79096858 467578144
864378055 873097461
694365639 939695812
648094569 799564942
546154381 731691305
577911375 741325357
193379124 283535113
309198502 622979451
31720977 329923894
335255031 918601067
433863889 440175795
177945577 341414964
5
1 1000000000
439302541 639342434
771611540 887573493
962209550 984097396
547525672 800263068
72
306 1375
999998276 999999555
674 1400
999998389 999999749
481 1080
999998955 1000000000
821 1119
999998815 999999207
74 284
999998055 999998639
945 1992
999998188 999998290
217 1885
999998779 999999979
514 827
999998210 999999472
85 190
999998002 999999297
497 638
999998287 999998967
350 715
999998596 999999805
721 1526
999998363 999999780
816 1398
999998182 999998768
28 583
999998161 999999438
4 1090
999998140 999998435
475 1572
999998204 999998606
649 1759
999998783 999999749
992 1739
999998939 999999971
332 1474
999998133 999999485
288 1147
999998264 999998771
859 1030
999998095 999998928
712 897
999998768 999999336
836 1764
999998362 999998451
304 1407
999998841 999999464
854 994
999998704 999999228
118 837
999998051 999999034
339 542
999998207 999999078
818 1591
999998642 999999914
144 1668
999998767 999999800
208 1947
999998056 999999059
950 1736
999998301 999999562
503 886
999998702 999999010
456 1011
999998094 999998219
705 1906
999998761 999998948
225 1758
999998676 999999583
380 1575
999998274 999999308
82
671332027 692165078
327129812 965467125
231792834 496093217
22960450 314183709
611826600 857363936
892527312 993961446
931527003 984895099
122053591 835760066
142963212 930541794
819495748 936899809
214777130 744223874
573719150 725744048
858024435 862385138
959695203 996044415
480008843 943209685
921562383 937381886
592617802 808840766
274546217 666005655
96086338 372391079
76848452 938597176
149830016 429817355
487318644 777326947
896637944 972674108
516965236 647474338
458693355 713696881
119253632 934713286
394826344 497039233
808008085 958795482
783161795 922060214
239413570 895994829
233986919 723892455
98109424 758260744
404752645 499276326
872027250 997598091
86885410 709391841
6602228 772838482
975495352 976736986
199171193 441199373
330780498 907591211
181964475 549557484
87604981 222739698
404825348 530594088
653289049 833222883
955536163 997954742
423186342 855342159
160579486 420184869
509903721 610163084
366458466 535732370
431176185 662930418
813781287 951765427
451457585 583659056
681942392 897061478
142467340 832294114
942014174 996166978
313830171 922501606
830979897 948310959
251044387 455482158
909786015 952047444
848610644 893768007
157999455 720806835
298542851 692179248
163842032 470588671
623133603 927090445
48560438 984155276
962885055 972348307
699613952 912712459
779673069 833284056
340582523 933990275
830738918 873290316
960691015 995984037
246673565 885274469
68247039 821150764
553666559 649886667
655975703 972218294
935080345 996877723
314549499 497185077
726188101 822634449
413365144 844612561
496125070 552824335
467050260 664016803
411529819 572638588
241173894 659702937
30
788447556 906757188
747158165 967572406
486247585 508844067
10161468 583426269
701671066 715505757
359729690 813129032
804600368 943659677
920030286 965972717
17511455 503456965
741347580 947689717
49761299 650097980
989944010 997292248
483957164 600001095
957854802 986237952
327829656 829746691
825648325 925089295
802879759 979590805
343404040 577619752
909062883 975491744
325456193 520835834
529835556 887559094
740616536 853385391
213984464 553230315
95781578 605145592
260856948 657620987
766252490 934238483
597119373 883060881
905204041 990889010
336622060 793822546
176567189 574959225
14
155544229 878241174
363615678 942183305
378831300 931583940
254358862 273788856
23221464 309424093
258934872 921617933
172393488 998309392
187640914 887903314
667540198 722124603
985522502 992711876
385723793 921522929
355463957 852996782
803218179 875014306
638200860 961966928
81
161421032 987329003
914675123 987578966
190161147 768432799
747660905 884365265
792939661 902917567
961267304 998493108
781616213 953449149
336550305 748081132
770750710 815337156
617832597 934196123
960320218 988802153
130572427 782550199
853051563 946449135
396349827 481104594
681847735 948874814
107705147 725509039
399071964 890639843
732764338 861464888
936568688 959922916
277760371 681883361
978465571 981342118
179440505 187770031
565239679 901508920
229057239 441326071
990822804 991903125
169275139 215866372
413587379 440203269
194535444 505941997
219895929 234050475
217031754 532008261
960142752 986878023
924823626 963799696
332737561 980750444
599596944 851824795
191420093 215594327
180006970 457901718
551382180 968611182
872029742 918345803
836669461 855360891
667798602 695537734
311249435 795117308
892069082 994158543
232470237 959774176
64277888 436880987
587276522 929860440
566660607 731860185
534769341 861975564
300431160 984437286
694461209 915125723
524368202 792594514
743017398 819366587
569755271 715103945
523888527 830403047
836600672 852988262
722951668 770833027
914215608 968548676
260655036 888103981
231185841 327851774
184655551 931791257
121962840 945233683
281087908 609907246
473450821 549621015
641703603 724059461
363779758 516950805
384754313 655640347
648933400 757863185
429988421 928039202
52708916 302016818
849466616 951991452
326526241 411924782
534271565 836194926
913611494 963115597
648482369 930448342
283194921 822182192
607070638 676674029
895655777 956154179
173526656 230593180
137578657 389681779
210318482 968237452
929634952 973837178
496645475 701160720
33
1 1000000000
17579166 539071994
261016037 478849654
47835038 866885651
214911659 251287059
103367404 159513967
419167545 583471706
527955719 812549914
274283193 595598521
566415691 831902749
608630543 868064188
436239706 787295998
75771558 919225057
288182298 658465157
803669186 834354526
1307793 389799659
504569063 909232214
155029056 776156892
870301432 998810295
595853434 689559207
434800 758920407
689915851 771204038
52482939 705424895
394434547 654141492
961231158 996578071
841883473 907782807
948567774 992293009
516059526 630204725
602812355 687258282
573854156 846265901
375582840 723964543
557109731 868238666
570641136 713168939
18
507586074 685367948
255755501 370377219
20430703 996719949
428555643 659523158
257531692 504543224
351381860 592165578
59246427 940679410
227487309 474554905
792053735 961123744
482127930 961558449
716942048 972469337
692706857 933116583
755403498 976154097
491640668 772873867
525923265 593481056
785978180 968813418
44214643 759249255
475728887 665418699
7
1 1000000000
59989901 305446611
757627020 981104442
538296602 989377781
890049400 977329433
48599083 872664665
132763247 828068601
43
227729224 235715707
227729224 235715707
227729224 235715707
227729224 235715707
227729224 235715707
227729224 235715707
227729224 235715707
227729224 235715707
227729224 235715707
227729224 235715707
227729224 235715707
227729224 235715707
227729224 235715707
227729224 235715707
227729224 235715707
227729224 235715707
227729224 235715707
227729224 235715707
227729224 235715707
227729224 235715707
227729224 235715707
227729224 235715707
227729224 235715707
227729224 235715707
227729224 235715707
227729224 235715707
227729224 235715707
227729224 235715707
227729224 235715707
227729224 235715707
227729224 235715707
227729224 235715707
227729224 235715707
227729224 235715707
227729224 235715707
227729224 235715707
227729224 235715707
227729224 235715707
227729224 235715707
227729224 235715707
227729224 235715707
227729224 235715707
227729224 235715707
3
473936357 473936360
635202096 635202101
67788464 67788464
37
533333743 824041779
559808533 688562925
197103289 595826839
550020725 915839593
358272991 961409683
551242447 912450212
201189921 489024265
19848443 999475782
811724125 946139243
686502605 989825577
342379359 704633813
694931787 787165707
358994184 722202808
233747394 358408383
896487103 949067161
591562265 896854022
114486016 743886293
825375959 953278162
740086585 945360575
205607076 903984043
653266119 937184107
753833454 824505888
263286421 910425181
838502497 988160336
176045506 913988606
361069521 493005535
733986599 838998499
975541165 980924398
302633807 734297021
618635511 975208245
507083048 766281873
121280183 429477342
723511283 812041208
249888589 284099223
938484502 970122064
708904552 982268733
219606016 993720157
7
743352425 988603475
707830672 896665140
129167819 178329824
750157781 755358810
227853101 436209587
274692501 894733777
376646953 985135410
53
714777680 797203646
886799969 972420084
416226590 729130456
812414863 840000813
519802481 762002544
585390491 909582007
264284324 515419809
136925197 933520567
891172855 930141431
589568080 851640357
733150939 845071286
574455358 789385269
419481602 699165015
675593730 734303636
594232444 772883740
840982248 902303452
566151553 611903524
557911351 784550389
796188882 923012813
540254401 654104442
677157415 872251918
161300122 479455362
119579281 419628336
86378977 669118855
941581523 990593302
550126887 926941846
425948148 614687188
178154258 860964774
24089654 376900685
777496729 848745459
277433805 378385429
702345922 868255761
293534308 757366005
394102789 574367971
66308814 989185437
989431761 996133069
662257677 737473232
644702140 734838829
239619914 448982529
655516523 827046858
891975185 952875478
619368368 760816164
783889595 851187489
274477864 702858422
678212228 761024803
734017248 819314998
88098209 127810868
900265140 948130902
925141870 953573072
360272525 469843896
812116082 928947053
294771771 670607318
287244357 818445297
1
924827857 966081672
11
439917244 566767187
728987560 862506871
563476861 744385356
465999821 980911068
913013104 934120887
850065558 904034434
608066113 857271061
692528529 743372645
718913714 927265318
363719945 951679959
720535481 798016207
13
118193063 118193067
46684081 46684083
939468109 939468114
347392003 347392004
826474086 826474087
163468829 163468832
422966596 422966600
189392122 189392124
925050759 925050763
208811282 208811286
505513833 505513837
70305694 70305697
939296941 939296944
4
318836886 867137864
489539659 965292785
474126024 760098181
960804640 970259589
4
535 1949
999998965 999999115
291 1968
999998835 999998838
6
634401615 901739735
900132702 923912833
686044212 835302225
418371000 707447692
838018870 915790730
953218765 979698683
13
15185264 145895326
15185264 145895326
15185264 145895326
15185264 145895326
15185264 145895326
15185264 145895326
15185264 145895326
15185264 145895326
15185264 145895326
15185264 145895326
15185264 145895326
15185264 145895326
15185264 145895326
18
733265897 854145597
37465168 764496694
437050922 525327929
832405089 965067045
500444169 876341844
37789740 316496418
118381139 401781594
478189860 709152597
989473401 995556521
194931834 502135135
238521248 620856794
867358671 969954271
39413698 937303880
139658300 687410697
753736508 851283082
470662757 794877682
414423748 639707966
22198751 974913952
45
931696702 931696702
32978004 32978005
603371490 603371491
614179589 614179589
116096739 116096740
320468176 320468176
428280161 428280161
931917120 931917125
777209313 777209314
610951672 610951673
663798430 663798435
910125121 910125122
212539162 212539162
21645077 21645078
683372248 683372250
488100477 488100481
287441853 287441855
223516503 223516504
858243260 858243265
171671099 171671103
775247799 775247803
830718006 830718008
232037174 232037179
904199609 904199610
203408608 203408609
319935725 319935729
878144184 878144185
541007348 541007352
188523498 188523498
553597006 553597006
319301753 319301753
34840383 34840383
22167845 22167846
241199982 241199987
775922011 775922016
159298350 159298351
304970810 304970813
633662533 633662534
929392188 929392189
416241855 416241856
206205063 206205064
124261712 124261714
761698950 761698950
696083388 696083389
635647503 635647503
10
1 1000000000
456286104 624036332
461932012 509406191
884733372 890241559
456871044 897947271
77923017 415591014
855114416 945275178
182609716 529011792
916473436 933260312
527563402 737055498
43
417944066 874207668
795186018 877761943
365357378 485236209
193644679 477140436
192935139 464355161
512555659 757655490
397770167 725328855
10743777 145850376
323511254 641719504
922494321 956350436
777094485 882712288
206382746 292746350
177514434 690205954
282652019 606319885
830446039 832147964
464018466 652235014
268072106 296309874
85333847 222755970
143465104 953717795
286735119 958150137
385196661 475769634
872483899 874674207
112516205 139949028
176268040 330498364
478767701 646514541
89553851 112309245
715329053 947489423
287854751 614530967
224844897 859454819
543126118 893656422
978984317 996788891
365384139 797271367
61050672 116508473
824149030 846620115
562108774 903358414
888136768 920603141
805997281 905972646
530730363 680545286
670057851 773893951
328392952 735088708
108919967 556333499
286645671 945980604
35501914 787194420
64
344026403 712595613
344026403 712595613
344026403 712595613
344026403 712595613
344026403 712595613
344026403 712595613
344026403 712595613
344026403 712595613
344026403 712595613
344026403 712595613
344026403 712595613
344026403 712595613
344026403 712595613
344026403 712595613
344026403 712595613
344026403 712595613
344026403 712595613
344026403 712595613
344026403 712595613
344026403 712595613
344026403 712595613
344026403 712595613
344026403 712595613
344026403 712595613
344026403 712595613
344026403 712595613
344026403 712595613
344026403 712595613
344026403 712595613
344026403 712595613
344026403 712595613
344026403 712595613
344026403 712595613
344026403 712595613
344026403 712595613
344026403 712595613
344026403 712595613
344026403 712595613
344026403 712595613
344026403 712595613
344026403 712595613
344026403 712595613
344026403 712595613
344026403 712595613
344026403 712595613
344026403 712595613
344026403 712595613
344026403 712595613
344026403 712595613
344026403 712595613
344026403 712595613
344026403 712595613
344026403 712595613
344026403 712595613
344026403 712595613
344026403 712595613
344026403 712595613
344026403 712595613
344026403 712595613
344026403 712595613
344026403 712595613
344026403 712595613
344026403 712595613
344026403 712595613
37
830926823 859482351
224457062 755991236
363492546 967455856
637672810 837315205
955406028 998950839
328216317 982598478
434394101 898175900
956863073 987780186
679434326 949035199
5116306 689080779
993321069 993824327
254709622 957105630
690993320 931960677
806912529 852086241
317636132 484642939
445483758 951607214
141064467 182360758
345988530 995659374
219931250 764981970
556943603 598913881
584059254 804651931
240286121 451508364
989723857 998875149
356445487 877086341
507621521 537866798
713538809 796877648
529464481 627475000
401104599 824757661
830201134 912758680
65019733 880575968
202525981 214230530
129235583 859287562
701251851 813625894
244052918 392574489
857845636 906929810
220755664 456298056
957972454 974664045
6
31 1061
999998364 999999022
773 1673
999998129 999999123
243 1325
999998969 999999649
68
538 1613
999998866 999999190
563 1225
999998509 999998813
39 1499
999998979 999999611
221 843
999998081 999999033
342 858
999998824 999999618
983 1464
999998809 999998916
653 1028
999998578 999998975
53 1255
999999000 999999098
988 1814
999998826 999999097
271 1492
999998031 999998088
757 1736
999998990 999999469
565 1279
999998868 999999979
593 604
999998124 999999459
66 1419
999998368 999999239
8 559
999998408 999999314
31 1343
999998603 999999470
437 1760
999998679 999999729
165 1714
999998837 999999151
636 1229
999998128 999998993
994 1491
999998847 999999327
581 1967
999998989 999999974
406 1174
999998899 999998988
659 1140
999998426 999999625
357 925
999998350 999998702
429 1527
999998590 999999892
439 1755
999998661 999999117
355 523
999998873 999999378
278 1831
999998257 999999066
623 1381
999998292 999999186
365 1919
999998924 999999459
602 1219
999998737 999999445
48 1255
999998273 999998483
337 1987
999998190 999999103
714 1152
999998421 999998901
58
832274400 936947722
84866430 196426174
295637088 351664584
671427578 932713901
600926565 746501440
186395522 806103487
231589884 480198483
485483824 987889425
558773273 875473614
470703622 491758669
618477647 683422534
548833185 777700309
367978877 904151399
578328933 738535064
520842139 967393423
777921394 857139183
486090298 895761817
417808271 941038967
774733846 819935093
521305612 988279539
752877383 842850178
953739555 956314812
60229121 762399033
19871510 938498169
591024747 628760812
378334473 905942804
961395147 984974656
524593492 929329347
309669074 987843592
571688128 687584716
35171488 509437359
774627262 947499321
783326943 788300379
948605419 996150296
440439819 543945215
101123160 228686235
87825719 721828701
823979047 892891963
464370251 844904447
927649737 985693005
392698843 615873380
731851930 978796361
850535558 933935205
85727856 570668178
585107542 983041093
897513210 956470078
473108039 504141138
486289602 774548676
277652899 634743807
903708735 913697673
853254662 974713364
113517585 389241986
781165088 846160251
458897794 759150343
844256745 862219473
489814820 958644314
137368690 888046327
178545504 847398349
31
286221354 573626068
286221354 573626068
286221354 573626068
286221354 573626068
286221354 573626068
286221354 573626068
286221354 573626068
286221354 573626068
286221354 573626068
286221354 573626068
286221354 573626068
286221354 573626068
286221354 573626068
286221354 573626068
286221354 573626068
286221354 573626068
286221354 573626068
286221354 573626068
286221354 573626068
286221354 573626068
286221354 573626068
286221354 573626068
286221354 573626068
286221354 573626068
286221354 573626068
286221354 573626068
286221354 573626068
286221354 573626068
286221354 573626068
286221354 573626068
286221354 573626068
1
613494910 743209650
33
922609377 922609377
206499515 206499517
393369235 393369238
299197903 299197903
408533012 408533014
949725493 949725496
296032743 296032743
527966234 527966239
218144110 218144114
23573897 23573898
94018112 94018113
563658637 563658640
394246424 394246428
712585884 712585889
360615868 360615870
196912308 196912312
532490791 532490795
143719422 143719426
661818847 661818849
64323098 64323099
82264140 82264143
792663611 792663613
982336618 982336620
91189416 91189419
621319214 621319214
516334450 516334454
668604292 668604295
618537620 618537623
86328867 86328869
504573601 504573603
673016405 673016406
994534830 994534835
740958744 740958747
8
78006603 425315601
402656360 592069740
565797850 713480730
655869749 814999662
124570862 564862155
388387603 892974117
765162398 937016234
579492146 828019707
13
679 1716
999998207 999998270
533 1412
999998958 999999645
922 1488
999998846 999999623
93 1860
999998145 999999412
717 1123
999998051 999998310
122 1996
999998390 999999120
412 1156
24
307283814 602353833
339350799 912010636
448040340 622521839
113393333 707547105
37143635 103010856
418119976 776902654
606428868 707032938
368022656 727812484
79084339 717854437
159451238 793911445
25942433 523180773
388932252 458096794
458956328 854874798
81515003 638676611
842304292 872212255
742066848 776355419
488623913 767962313
100220205 458488696
761029160 826395413
730772835 819141902
648919177 811490535
896168245 920438732
158414579 551839028
378708151 392953258
32
530 1641
999998322 999999541
26 858
999998622 999999486
680 720
999998370 999999315
435 650
999998419 999999561
528 1498
999998205 999999314
506 1008
999998990 999999889
705 1380
999998897 999999631
791 1338
999998145 999998384
770 1586
999998334 999998649
862 1353
999998377 999998829
696 1807
999998150 999998604
546 1038
999998458 999999513
972 1007
999998415 999999639
425 1595
999998608 999999394
380 1993
999998559 999998983
731 1181
999998974 999999661
18
172322362 654732869
652447705 970830723
222022315 259559309
621006913 968848181
635320985 665732046
989191094 994456394
78199489 101847952
205271958 479800883
703271389 965067832
957895031 983656604
150219052 571577502
993537090 995534747
966805754 968499353
323030788 589650777
427336566 638028043
417706711 535056625
460364701 938878521
996585014 997308568
15
74814586 957933755
382539506 589100610
854408591 895463162
553557405 712943833
671409377 673189659
636070102 743034522
492738849 813088119
21214168 101128853
79905618 706178100
582336541 811632475
581130906 821030450
338578494 523955846
265949731 604046191
466174379 493651908
266038974 573267318
18
485 841
999998686 999999715
741 1298
999998899 999999786
251 1152
999998002 999999807
615 683
999998705 999999058
166 772
999998625 999999581
485 1345
999998190 999998418
425 566
999998360 999999845
984 1073
999998280 999998898
814 1057
999998448 999998802
1
76192775 202768624
50
175976832 988578844
175976832 988578844
175976832 988578844
175976832 988578844
175976832 988578844
175976832 988578844
175976832 988578844
175976832 988578844
175976832 988578844
175976832 988578844
175976832 988578844
175976832 988578844
175976832 988578844
175976832 988578844
175976832 988578844
175976832 988578844
175976832 988578844
175976832 988578844
175976832 988578844
175976832 988578844
175976832 988578844
175976832 988578844
175976832 988578844
175976832 988578844
175976832 988578844
175976832 988578844
175976832 988578844
175976832 988578844
175976832 988578844
175976832 988578844
175976832 988578844
175976832 988578844
175976832 988578844
175976832 988578844
175976832 988578844
175976832 988578844
175976832 988578844
175976832 988578844
175976832 988578844
175976832 988578844
175976832 988578844
175976832 988578844
175976832 988578844
175976832 988578844
175976832 988578844
175976832 988578844
175976832 988578844
175976832 988578844
175976832 988578844
175976832 988578844
6
915908984 959523185
480167520 816937903
132053564 543473320
256543890 642209690
857449866 997852853
567051731 609719544
14
229497681 429292858
229497681 429292858
229497681 429292858
229497681 429292858
229497681 429292858
229497681 429292858
229497681 429292858
229497681 429292858
229497681 429292858
229497681 429292858
229497681 429292858
229497681 429292858
229497681 429292858
229497681 429292858
42
510561465 732988012
738632470 911222960
65326191 692922313
45492484 394511404
133132547 739166279
850708456 943960176
601785442 645623761
582163483 805522650
274061480 946484490
289544649 497859020
110733206 546711229
325712994 598796640
838258342 954564810
738049381 867486605
736809647 927432277
338323921 410383969
900105323 982234320
87138422 719124072
5389517 748154881
369619679 684268924
905594994 953549157
282085852 688759996
516135182 615114939
422653388 429985047
958677502 978975871
516968344 792807189
482151198 724660582
163831025 595261466
988944498 998991263
71929787 194623474
27517463 105050592
695523964 979935770
442953227 574876479
779739532 929299415
379929758 797813250
39797574 237973285
58186544 793059720
27319100 417627048
464192693 878612252
482460495 933484286
995291330 995804626
330944199 975031472
44
1 1000000000
941732092 943758755
158444448 900035109
25257502 806645026
485205858 596176994
213637675 614182065
55821191 65619089
215377151 566528561
112759059 615639673
25523540 583436304
149522445 485288278
74055497 580623196
962006796 974282239
485769627 622932975
48485633 716342816
593499209 650077700
266781684 980504525
532203248 554521249
401622111 474034423
492292018 662222973
159324002 241412567
921113310 956432994
192344801 261248520
350193090 805761192
214194999 476704995
831282235 961580000
190502846 464128489
699032810 917369368
902195818 908590299
925463857 926338939
13919455 41722193
452559693 697483905
450257706 836728797
812015666 977487735
867187203 877346915
424040158 513511982
688421242 691520657
762212933 865073437
250982784 793669057
95562623 817365185
454200143 852581431
99419092 784960771
454672471 640056645
152086305 950371998
9
326994934 326994937
891571759 891571763
754663196 754663201
715423075 715423075
493450222 493450222
214333683 214333687
516863844 516863844
246147120 246147122
957243309 957243314
54
465447057 643418205
577847530 661458781
377016273 548105009
581586389 756471877
219364786 865593494
260548567 784991952
524006456 897429542
922089920 977012715
402867124 638239887
60311360 274058968
512690010 818489783
608930661 714782952
86842568 667071891
884433956 942350227
418422420 604669506
914750299 969110388
452522600 482459715
652198771 824685943
87668472 454025065
326236518 601735065
957743787 994735641
588608289 924534293
496142301 936040077
383288160 918161377
799878557 980811974
107482520 139777799
280973364 385165723
108306229 933986710
874958773 904934926
895377018 952913052
61468143 922027351
185599206 461577269
898003004 916077203
685873843 794203407
79904201 757647855
330433835 877440803
322980541 602001975
166626020 893282155
55743866 681020441
696813412 737140274
37942210 270990872
727134804 824792778
847153196 932008694
937001362 986608088
593840651 666613440
678729858 829193202
289300652 505145785
394406364 440583076
697821789 900291006
703225648 763454418
368795976 723263590
844948865 980007356
353041516 547641787
570426201 815497633
16
862309852 881323609
955213640 992106068
929324218 934921511
643230400 754446488
297549347 746270394
417041076 692624336
3591479 461518830
734397042 966434610
829297784 905903603
582020703 635086927
110928019 933374621
755879165 926592346
919142913 974428801
945345155 987973024
317355939 679564613
856752241 946859594
40
211688783 867464904
574878960 719904321
482482779 852441368
275724292 690897322
788985790 990576244
552615530 906464837
292797630 583861981
90585360 369360151
87799575 163260311
749362615 759927622
95608124 232425412
672743693 977720711
677264968 684651147
826875553 884981809
283058172 891018241
606952745 783813252
91124271 523508944
968892305 972383455
860603585 899306265
464332025 913092123
44175331 790738085
756035463 876519974
998292092 999698946
897956496 954063978
31157624 776372766
937491262 990753723
148379157 747260921
488743737 696730417
975550766 985460896
973749946 994040263
528488720 730015527
98184516 709383832
78273800 489765366
19081493 463637076
17465911 224345621
984641398 988824334
390493819 971718343
571732391 880317978
269733923 981919227
682300400 993639212
6
705690962 869919150
615186456 956306978
775100406 800827513
162704689 340072015
991056625 996382096
293914714 546514042
27
408278256 459567249
264795739 476255236
992486246 998823043
975740344 977388545
841771223 926923426
41673844 195500590
211466908 816080125
879804731 965238638
259483745 433472937
399529382 640931532
209384106 481218773
362803011 713088722
128372923 872725964
911488932 936668386
577115884 582603528
572322203 843384830
302923662 496337101
10458487 644013773
975958708 976591218
418452461 614186930
556577982 958977426
895575082 946386954
372920875 962008872
611364064 875500160
323277365 935985818
189610432 534575122
990826755 996081792
1
267930216 646104132
26
22952691 730101510
601127753 993055148
776624008 782454080
477899461 607141333
616472138 996344617
409349260 984321798
97931960 444811396
289068708 944460015
496387601 873502884
914846498 924844536
801027122 871146619
834515326 842918299
519887619 756275091
49357004 906984923
325239209 536602837
320310929 553297649
32136766 153693806
463575508 485587347
844340483 894766844
704647568 986075239
950847009 969141511
624855620 815183396
258443487 840764746
742274149 993541124
378186767 415299175
803007344 852906654
19
120270376 166525893
583493880 795496826
849017697 895008923
909120045 929491549
253890689 853032322
894409357 947833424
634379811 984490543
601280473 968918938
903601751 947114489
524376729 752664777
713654213 950794614
969585529 991241408
997766937 997986180
110162454 836701209
428729574 515237035
594204501 986756174
279913161 787155150
362551501 585894048
233786221 667502573
26
137 1763
999998795 999999801
512 1429
999998854 999999296
643 1610
999998091 999999853
699 1456
999998442 999998619
781 1290
999998281 999999804
886 1679
999998046 999999929
117 820
999998352 999998486
559 644
999998598 999999477
114 1067
999998309 999999683
440 533
999998244 999999414
861 1073
999998850 999999579
174 1448
999998777 999999872
519 1218
999998029 999999331
31
492361077 526523760
492361077 526523760
492361077 526523760
492361077 526523760
492361077 526523760
492361077 526523760
492361077 526523760
492361077 526523760
492361077 526523760
492361077 526523760
492361077 526523760
492361077 526523760
492361077 526523760
492361077 526523760
492361077 526523760
492361077 526523760
492361077 526523760
492361077 526523760
492361077 526523760
492361077 526523760
492361077 526523760
492361077 526523760
492361077 526523760
492361077 526523760
492361077 526523760
492361077 526523760
492361077 526523760
492361077 526523760
492361077 526523760
492361077 526523760
492361077 526523760
2
444332717 898470941
444332717 898470941
26
501261815 898379062
514382946 862797531
959946104 982853849
532217111 742521498
826534447 909919611
50560268 631344663
850321928 912930208
124765175 796231182
474389811 826765065
119813692 631685662
515630960 939059996
700199633 724925588
105223401 340564770
851820282 930792103
534418542 836956900
471493366 832816220
81241776 954866105
70861406 224053867
445389388 494646390
14264611 743231560
349863093 897451680
296778062 923736004
62425234 406681366
652138586 672378480
68421212 841917652
227607001 958153364
46
283976463 402064875
180313462 537975888
622380860 731098016
549553273 960608183
722335935 878467122
94451645 931008546
140700302 447833025
713847303 985850840
401475586 586885777
827805848 934702817
2855028 846466243
707893268 829803506
278745321 906322068
272476309 383675986
838584107 927541577
466844706 839222142
282236831 790024973
857907295 922005237
908063775 910513086
734042227 737726092
820779137 900800038
339303678 797961908
734145543 881312830
603556278 937699644
839800571 981566103
782404162 818555529
658610466 865462140
955612330 973504880
194126115 524728674
498062815 629804708
247376534 843457822
48417514 767333431
624125741 890675388
678184901 890536067
74286774 423702578
161388135 675060211
94175633 314746742
227974226 728530094
822985247 826082224
38826286 595267414
880802313 977260036
14907630 297827302
982074216 985970733
120248098 555688918
646093805 682814537
853363575 866372506
2
732464506 748112645
288682512 817356771
47
1 1000000000
969187121 993913280
947240104 967823001
571758113 834790860
50993083 192402329
197512941 649004027
469253188 827942793
82707017 884529884
622063944 856584631
615110811 866176725
334836142 405625439
113300538 791266160
827504953 842415107
664264967 820858371
227011433 400058795
639783073 941508014
510868976 690194680
735979054 859098405
291235328 846827335
716510313 960618307
921759887 985865446
762784391 864859879
436597688 502764093
407098420 574894370
555571976 700862352
845127861 895465066
811415315 881906558
799377151 965810572
839732364 900319091
89666982 175850352
647840687 782634835
812627667 881492554
972346922 980173935
90162217 405688637
34049179 892158287
479955829 571827250
613773814 883236195
681114685 882044044
164844029 690972211
212349793 688529103
456180485 694719672
318909977 711671050
257384835 517167268
861092397 956339307
169407677 173708336
316513507 397275218
430625112 617661966
4
177 1835
999998460 999998688
87 251
999998464 999999931
3
433 1678
999998696 999999617
325 992
10
293284444 915620707
55932559 481028046
929392001 980692031
672396468 989060786
179440777 501088051
868213942 877194353
94709533 745915385
5825713 117200458
473731260 764318888
238850427 616573842
18
700025191 863582148
445316822 764645523
58889885 85596123
287133283 338961268
80094670 999519505
315487395 922600721
944263118 978174350
674813121 720513888
530190998 803431840
788646203 867700919
371870642 956225239
169489383 222313751
464896098 899234053
574527865 900424022
374141867 490134684
268901068 850728531
800922094 854537721
912197886 915756582
11
433470459 448010900
88349328 174855071
148153937 658629180
468361748 598798191
275843648 850997084
564774033 575051757
353298303 969947174
214960540 663618685
271854102 546627310
244341246 694974874
606422906 763299720
55
87325911 301824031
142929513 558327439
766327065 970763698
908429599 985849461
680002132 997905513
692526768 737307039
251704880 728404969
21324566 730280716
485851784 504827992
253734888 350083904
636588931 704751622
844658724 891149383
819033623 892481278
897963123 966258374
53344890 649231944
820536190 913459133
141173386 936893708
456973696 820714858
532546923 650887761
925503098 965621536
619688363 710103165
869930994 958992844
21284953 86193670
97639245 844976103
255589569 960230032
97046083 165672975
224738741 821364591
131768056 842405911
723430051 995456360
627090872 882572619
565879764 857257677
690349121 820596345
705973948 732773457
196716587 266542141
474177837 842731827
975743817 977778691
620747965 702138848
730276025 880889150
109297729 239567271
240083863 800134125
7768740 742056701
123776642 891487637
44510406 326317865
688684011 924503861
991390460 994863366
491244915 808075030
857579860 979971526
446816677 820437459
678817542 925414934
666752734 673724104
875290343 967164197
762503410 771120808
541415155 697204882
539097692 770064775
696245891 837236568
23
705965419 982549168
737155094 956351853
370938124 501287333
664179418 697133866
488048117 561420714
443987492 523646708
239651709 286187388
560207135 652415589
697743282 809947091
970224509 982597195
879024442 971569148
460829000 782378142
740087085 796852231
164106062 307336454
826576837 833759162
377872013 476611626
320539246 464090934
655273863 983908593
314503682 517237305
510767975 670222062
525430452 545563428
593384332 980799338
917783832 933786272
3
789156603 915016756
420835344 503034474
290129787 304632064
87
733554067 880951000
512884171 571873680
880370671 939548571
598131350 702190052
810232038 902559509
534236976 749377901
733079373 753413301
507413156 915039510
975411960 985957729
701308618 772199522
960533214 967168878
902634649 967090777
435390842 641436071
955194612 969241551
165014869 674019036
223964351 931168943
173380184 277915251
782281822 914342125
891934177 970795338
306591806 703924540
98590463 319458426
471514636 728463087
612610545 749753443
305904552 620012219
946355846 984927376
678874295 951699742
53851114 930610339
357800592 401457322
300467865 930922478
107777193 658949247
371563981 443545799
14272518 623791755
131857188 599153809
927643572 995060154
455007571 491159593
288168438 793368140
423725415 467587242
162984647 295029016
593604140 630718752
202080617 601031529
364516254 461765582
818398850 977363360
233404943 298164065
9172854 923049154
63068705 935826234
629234042 957348967
535521665 835200977
23528239 194647198
972959579 976039340
242058193 736091176
795110482 799606548
547452000 623681330
29772960 162734742
75075737 458365638
437357741 721224850
176085871 198872507
542061846 607649330
934250673 976066695
845411744 987735557
831615360 985025937
966992923 995454710
405297659 962544661
118383057 273012689
253752257 785298678
909407493 933365467
649384961 817108235
734399012 849260330
483043923 664058020
208563477 297262985
56248727 885220840
924910427 979836539
494851691 557201735
355832868 965861132
340068268 944323798
550345184 806535784
777267826 928056832
271550830 770921992
582786308 670223207
62533918 649263577
879532304 941837642
769433223 842677717
214340233 871398122
248265527 946370816
544555343 924255594
802537641 898232058
92040122 144605324
332664249 721585914
29
967373070 999642512
262762556 332678659
491961942 974471718
411329311 553733073
452522030 625854454
446222904 574378424
316542732 867483534
526149474 526430434
333198382 373848412
421198348 867638207
200843004 583758129
745271331 931276400
636373069 794154009
498692421 654785045
819197677 874546381
34092170 51520988
639301472 867198896
420810082 558407663
62630703 73664753
67144659 561895389
782470469 806475522
15589142 227191945
379164979 511139372
72112216 529159409
292903529 587530707
714589837 808334393
411517690 563443031
562828658 693203368
91916768 401868282
5
906 1512
999998667 999998803
967 1068
999998407 999999331
127 1295
52
947956025 970299439
600192243 721150502
264714809 318864485
21439949 438966204
340655353 531863063
240276924 638353459
297760769 828559050
314474357 550362715
687669521 863477690
424782585 805942940
490785953 831661950
301720406 359130619
159198695 791513858
521650076 635828367
177858662 357019950
316991803 843804614
623468182 913166534
337779600 684317935
554013775 807901955
147056069 193066939
575737120 817432364
772932541 851261706
88442338 310821938
119097366 346190030
483969924 742144392
4527029 673201686
627508241 660750377
314964210 415272685
567907342 845895205
517134669 650095385
780084514 834753385
992328330 993397803
409269856 659313662
561814187 614580001
141069796 428991977
454215018 806983558
317435675 412629196
547136305 560277625
540248372 799608495
5345619 634138668
674095944 820783915
442303442 970043552
246310716 679591461
105454844 358832337
304076000 783860658
558139430 680815250
988002930 999352127
566428167 812951150
720400311 753050065
560164551 960475827
514727773 843397135
728877858 765631836
6
790 1022
999998664 999999642
101 1236
999998867 999999846
76 810
999998489 999999184
12
716846030 779676756
272601486 860499664
669921175 972007157
962106618 979670373
675527657 788261868
531382120 741046956
296311458 854284958
262755063 281954303
146152228 885519187
492447787 579937698
187790931 896495235
952729746 977792199
61
556 1984
999998176 999999343
488 843
999998571 999999127
728 1274
999998922 999999911
216 1617
999998620 999999847
639 1612
999998480 999998598
709 880
999998083 999998865
920 1844
999998126 999999920
661 1742
999998029 999999277
986 1714
999998940 999999831
732 1284
999998840 999999140
931 1576
999998920 999999541
797 1295
999998478 999998886
180 1054
999998217 999999478
391 553
999998572 999998820
271 441
999998347 999999174
704 1459
999998751 999999508
820 1915
999998738 999999076
914 1683
999998172 999998897
373 1670
999998382 999998429
665 716
999998651 999999086
601 1225
999998012 999998322
853 1352
999998383 999999432
372 534
999998709 999999306
1000 1098
999998652 999999201
556 1950
999998522 999999770
123 1329
999998967 999999407
959 1085
999998376 999999900
314 1811
999998519 999998969
12 1559
999998123 999999629
397 1015
999998692 999998797
323 1185
9
927219274 952884402
398474635 508478839
812293442 861730259
145292315 402585531
922581581 970320027
825198629 829938335
10726858 899518592
74957820 654489850
830098348 948324497
17
83315472 300983458
551907521 887415255
157368146 856715491
453597814 799436048
9570696 985589884
861594627 879465543
921800431 936437544
471894528 864971878
893312459 967339780
302635417 701549633
872524300 915762028
461264165 958644791
167666894 849975815
794692459 966535674
462471308 744685187
674327567 923123154
111531971 407575379
72
934 1603
999998931 999999211
113 1051
999998191 999999005
277 1095
999998457 999998778
498 887
999998744 999999963
42 544
999998122 999998993
566 1076
999998113 999999504
166 890
999998991 999999161
544 847
999998280 999999557
115 1617
999998119 999998840
123 371
999998842 999998962
320 449
999998119 999998159
410 1997
999998214 999999965
794 1686
999998073 999999601
186 713
999998912 999999517
311 877
999998760 999999215
529 1627
999998476 999999760
838 912
999998757 999999850
709 1985
999998314 999998571
179 1710
999998873 999998960
944 1370
999998616 999998857
416 885
999998440 999999682
822 1545
999998679 999999012
439 1327
999998564 999999628
857 1463
999998313 999998873
151 639
999998282 999998392
680 1423
999998929 999999073
920 1823
999998200 999998310
794 1051
999998016 999999797
539 1365
999998160 999998429
828 1128
999998305 999999937
576 1353
999998972 999999713
934 1380
999998771 999999525
135 354
999998360 999999434
703 1873
999998372 999998511
107 579
999998230 999998451
501 624
999998050 999999621
7
729699442 892668257
793714627 808893897
583282193 873520926
561303365 706869475
332842766 889018220
790213859 931273891
845653216 871756008
12
328493007 571199423
382363194 647715627
859977478 933722270
823215311 981086847
100643914 817209168
521924239 563014826
265910381 557951325
438741897 831788949
96326393 221371417
210849510 745785059
793737458 893746306
607444936 982055599
57
859642621 859642626
652328104 652328109
210907613 210907615
263525819 263525820
556480487 556480491
953067652 953067656
595173501 595173501
781847539 781847539
47354093 47354097
686794588 686794589
880499342 880499347
163344197 163344197
666599444 666599445
166546533 166546536
711519244 711519245
126393491 126393495
751913969 751913969
461450646 461450650
805696740 805696740
149007449 149007451
348921858 348921861
113667052 113667056
280468526 280468526
957322184 957322189
142122450 142122451
285282704 285282706
178387768 178387768
605095422 605095426
814405186 814405188
515703612 515703615
255827470 255827474
976678620 976678622
700905361 700905362
465252429 465252434
430424357 430424358
20854748 20854752
723045652 723045655
310924015 310924017
480552480 480552484
331274134 331274136
524574963 524574964
683087029 683087030
417888257 417888259
65884337 65884341
586690771 586690771
227064632 227064636
770369699 770369701
19415672 19415676
787432899 787432903
886519770 886519775
798527621 798527626
988205793 988205793
617641276 617641276
876006261 876006261
683358732 683358732
376266409 376266411
637829030 637829031
38
204979862 728219158
204979862 728219158
204979862 728219158
204979862 728219158
204979862 728219158
204979862 728219158
204979862 728219158
204979862 728219158
204979862 728219158
204979862 728219158
204979862 728219158
204979862 728219158
204979862 728219158
204979862 728219158
204979862 728219158
204979862 728219158
204979862 728219158
204979862 728219158
204979862 728219158
204979862 728219158
204979862 728219158
204979862 728219158
204979862 728219158
204979862 728219158
204979862 728219158
204979862 728219158
204979862 728219158
204979862 728219158
204979862 728219158
204979862 728219158
204979862 728219158
204979862 728219158
204979862 728219158
204979862 728219158
204979862 728219158
204979862 728219158
204979862 728219158
204979862 728219158
14
104175679 689957791
94439496 328831684
18614485 494073659
782730166 978197434
696233494 719601969
475786634 713765097
381010284 457364618
847719629 896259481
815511341 988815266
689131992 693591469
891810790 995045914
36670520 469039555
83871032 160396811
43049791 320472639
37
212437361 212437361
544440678 544440679
809933447 809933447
729189445 729189448
474945012 474945014
70979185 70979187
861056712 861056717
888985986 888985990
515519462 515519463
171319195 171319195
519334687 519334689
491028023 491028024
873078463 873078464
691136098 691136102
388596896 388596898
711222483 711222485
395313725 395313730
874708031 874708035
52689273 52689276
215952339 215952342
219668762 219668762
733769410 733769415
720702437 720702437
29519719 29519724
505512977 505512980
602054107 602054110
879397212 879397216
802728632 802728632
551180642 551180644
389682992 389682996
858616610 858616613
47891979 47891982
193678994 193678995
435275701 435275704
304531080 304531083
621965602 621965604
225857598 225857598
16
4061067 449601516
953043097 968806026
487301591 925400798
660354529 845649373
859079723 923205007
762543970 900176281
189336678 916808088
292250149 429094881
966868440 967424035
449406055 583394235
272944895 499444094
186021327 972778949
868268166 872508344
522459901 663456906
223713235 733436354
365915537 474229631
23
330 1088
999998748 999999969
352 1435
999998951 999999345
598 788
999998527 999999484
163 1738
999998664 999998985
157 769
999998419 999999074
654 1081
999998523 999999719
284 1806
999998380 999999638
496 914
999998097 999998139
620 1084
999998381 999999010
699 1460
999998481 999998876
156 1255
999998996 999999018
795 1462
12
636090177 689101970
969285046 971177262
37085115 886148392
49585160 371869725
168995795 233025449
530229639 751481166
927069435 983639483
355731953 539301565
718392328 869289269
69437498 739401546
873303960 873472800
565495134 775382833
2
395060266 395060266
128156759 128156759
1
843738364 997003788
7
469575991 469920848
835708807 892396688
518001569 797614069
750877640 797376339
237771575 649127348
482116221 682579746
924515760 980265686
24
450888549 670743079
450888549 670743079
450888549 670743079
450888549 670743079
450888549 670743079
450888549 670743079
450888549 670743079
450888549 670743079
450888549 670743079
450888549 670743079
450888549 670743079
450888549 670743079
450888549 670743079
450888549 670743079
450888549 670743079
450888549 670743079
450888549 670743079
450888549 670743079
450888549 670743079
450888549 670743079
450888549 670743079
450888549 670743079
450888549 670743079
450888549 670743079
1
901318201 948420104
39
325589278 596526703
325589278 596526703
325589278 596526703
325589278 596526703
325589278 596526703
325589278 596526703
325589278 596526703
325589278 596526703
325589278 596526703
325589278 596526703
325589278 596526703
325589278 596526703
325589278 596526703
325589278 596526703
325589278 596526703
325589278 596526703
325589278 596526703
325589278 596526703
325589278 596526703
325589278 596526703
325589278 596526703
325589278 596526703
325589278 596526703
325589278 596526703
325589278 596526703
325589278 596526703
325589278 596526703
325589278 596526703
325589278 596526703
325589278 596526703
325589278 596526703
325589278 596526703
325589278 596526703
325589278 596526703
325589278 596526703
325589278 596526703
325589278 596526703
325589278 596526703
325589278 596526703
10
880653005 883012449
815811847 821805496
485335324 985291381
395911475 609250527
209199178 550171778
763521947 808399230
114887159 295756892
504742837 758033113
262756742 885015531
774321436 805361960
62
74062107 316601026
74062107 316601026
74062107 316601026
74062107 316601026
74062107 316601026
74062107 316601026
74062107 316601026
74062107 316601026
74062107 316601026
74062107 316601026
74062107 316601026
74062107 316601026
74062107 316601026
74062107 316601026
74062107 316601026
74062107 316601026
74062107 316601026
74062107 316601026
74062107 316601026
74062107 316601026
74062107 316601026
74062107 316601026
74062107 316601026
74062107 316601026
74062107 316601026
74062107 316601026
74062107 316601026
74062107 316601026
74062107 316601026
74062107 316601026
74062107 316601026
74062107 316601026
74062107 316601026
74062107 316601026
74062107 316601026
74062107 316601026
74062107 316601026
74062107 316601026
74062107 316601026
74062107 316601026
74062107 316601026
74062107 316601026
74062107 316601026
74062107 316601026
74062107 316601026
74062107 316601026
74062107 316601026
74062107 316601026
74062107 316601026
74062107 316601026
74062107 316601026
74062107 316601026
74062107 316601026
74062107 316601026
74062107 316601026
74062107 316601026
74062107 316601026
74062107 316601026
74062107 316601026
74062107 316601026
74062107 316601026
74062107 316601026
28
678900195 746778032
236522983 265216194
779007190 997562032
424929689 436823329
841075411 849724931
406379208 694452411
707313768 784481152
180873171 675552344
244777713 822621525
29889326 677274298
230597189 581775666
209778235 336569618
63435578 664964827
279744310 944613111
104237261 139118107
120985791 188575165
689453650 948742788
760145169 870231849
549343222 776103700
563612066 775102174
843430040 874083391
298978202 576842363
775107655 852327248
148240887 633459098
171575234 748047214
957519903 996934892
551185171 813205805
795888903 956649235
23
949937913 995730484
685431704 867414750
277537158 969568941
669456922 690646405
457588858 951661791
617897701 892967045
774544374 895699376
864342678 873092511
671434753 716852559
235281640 424287199
907673331 979432759
257517503 349801248
788992889 807748431
246987653 484581809
374936251 961068940
663174670 941838552
262668374 497194424
20419394 572554824
914137945 964809473
316618674 519748415
859798744 907178352
13917304 862924896
799950267 984832404
47
1 1000000000
791915999 811359301
138261147 312780966
131176426 816932925
962921800 966476449
678434281 969480693
710970946 819917071
260217726 434224912
835607543 883558030
232740677 234290290
175277150 644034719
159005617 432090523
753178213 951289594
627443086 744360236
893601888 986329855
901114822 953026830
503548599 736477155
504555033 703181952
639929746 874793249
154809235 184793032
670129886 925340410
596588927 602863697
467281130 783989767
126915594 447554314
471334901 496296445
504374175 722258442
604371416 675658359
244909328 614347467
734899805 793261752
274016756 470890125
427162866 689153500
386680148 403799726
202893649 883914910
472040061 666015493
997195199 999960341
719134689 786098102
88453284 633212004
903605634 938774146
981772021 985471891
448854249 715276695
281353643 746813538
174609554 899613791
611433007 915588991
95367896 812805714
387702388 412800281
141785821 494444173
734047293 801502178
1
781652876 865006363
54
570598223 847978597
621023130 709938042
428475156 435305405
900080816 979871524
790876476 801836142
510461056 741233010
21427244 107370238
357232925 570269460
233820302 554722955
668081641 744657278
293667348 740547717
172428042 981792108
591988808 891247239
199770557 468929342
260572673 508853477
175841540 495306852
908835488 952531550
334285091 744544855
915914983 920797164
396306111 869757830
530129686 923619271
681964559 846640346
81516270 257725255
116808147 402489493
673265067 849247923
57305207 940141061
305107474 638280616
520664736 607680780
761709397 763616342
735965007 802348672
844609890 894364605
25214608 102916401
996498510 998841441
374592972 973725031
762517403 940318072
49278650 590575032
40204086 198250052
247791253 440590075
623059237 906070509
711032904 939938831
842544754 978444099
15666014 211033345
843857881 897059433
153711465 549306838
646614239 975452214
779147168 846726542
395506558 621860044
488489927 806211213
971287853 975092321
73741981 805774263
679728019 992702625
692162547 971714982
789067342 963178710
678350902 833887724
36
1 1000000000
825488375 894959514
290591052 412268265
34082749 471835920
506808622 735429171
436175623 861157288
190515686 472612356
675349593 937221036
213411356 763584838
728754829 922558898
594439788 595818043
955731112 975083169
267920824 276084074
743743457 857290244
100788448 701990996
466730258 904538812
715708971 768998097
470699459 599147539
214658666 841427150
890858918 956084325
952940278 965160038
279753532 621980231
21982926 721392710
57617709 309623396
404957275 962077908
105338050 657245094
857070189 889538273
860866734 909613006
181512460 688999434
34931969 247073148
927923265 956841585
881294856 927505682
959569054 989761568
340497889 736426867
113300171 917620296
39795046 329975045
1
847472661 860966427
21
684278834 728156520
931844374 997948999
350342608 658245168
304741729 727872492
989695800 990217454
463918179 469437640
446264638 705386272
63961411 570534163
498027481 531577089
419103975 815246352
126943756 809055659
791154213 842415532
994243705 994585544
495571367 881213893
481117539 666098865
331821960 619474470
253109219 460333202
138816981 149785541
765930286 946897888
186329163 707652906
273991955 411777971
37
63534313 643018883
599562302 942694199
762276150 914206087
664657501 911628723
472845646 513122989
321005734 367664235
285899227 717535380
823843621 897038807
527607820 994641635
695301143 727733131
910031575 926737606
921301687 930730633
850675585 850773899
779814302 799814259
145410810 902382151
9766427 432468665
139242480 701144733
349735945 627530799
174423562 433277992
875594363 948463170
187658924 927072295
183415028 347678236
452054544 540531748
131018821 332538274
688416484 785828744
702052326 838725351
168878377 263390382
846312146 996540553
444221815 960049047
76834360 709738729
695565362 885896606
232439413 422076023
894030479 977802602
759358884 883986846
476038336 687623993
157429543 910487928
593131114 634652266
58
81617233 963669807
692349165 786126716
111918559 212661222
275419448 747230714
554214281 972090176
442779899 462466733
466898907 842861733
255116618 377879611
187887977 654219194
834935934 903190361
927943174 934347821
247856 646854979
204730410 213518979
295359376 794966102
830925149 946525271
867083086 876204379
433954843 716615065
470775553 621301624
825860077 972109066
299944412 709391526
297250197 496040209
302898637 333581301
297793009 759869126
332599918 407438940
186962379 957666453
78021456 256468856
38284117 536399894
854174897 888849143
112868333 823347293
800343223 984089657
943093760 953252403
12003831 813125412
326862402 435458080
446545710 490164415
23639840 356237098
895075317 996235400
7563703 613584135
78905508 363485982
274056457 995177253
610366526 761566662
33249337 449653458
514274047 587006273
422450164 980863155
436075530 790524688
493087497 588576125
774010462 945842516
764230578 808731878
568803148 641536392
490649524 925046855
581984034 880312733
90529128 110052187
766621874 881999946
353944929 462114378
733916982 948748878
235014671 904626344
992643435 999632311
625451540 916304160
358679847 592379276
7
742682509 912363351
112718718 273219858
860183665 942912365
552980639 565515906
824650743 935252540
388223024 895793426
335318719 506635333
4
395795244 673240961
395795244 673240961
395795244 673240961
395795244 673240961
25
562391553 849920152
564923571 825354018
186181278 768635169
762319027 846909837
967579854 978976334
964138751 980597640
213376744 294185970
696220510 702468568
78776938 275797948
293258693 658503928
332835779 934733016
364866515 435435230
317971259 660985602
615513996 693715965
217360837 335878739
558651786 640352959
494358135 800675450
618171457 944192388
51152041 63043998
591734373 963994024
211585626 871033811
226937463 658808078
289992484 669237381
745071961 992395553
807360653 994595536
10
621189017 632772808
663815464 964748859
765443567 853253743
564808412 975177416
817336156 820028066
737715161 898210832
134130865 210378511
459229495 750845494
593835470 838955873
571017731 808017411
45
13 1994
999998455 999999163
584 1083
999998607 999998903
774 1292
999998531 999998928
607 1473
999998672 999999492
651 719
999998545 999999940
429 1986
999998369 999999222
117 651
999998024 999999302
407 1100
999998234 999999068
633 1502
999998230 999999264
202 832
999998664 999999140
404 610
999998961 999999122
485 1358
999998891 999999053
351 1402
999998300 999998886
864 1610
999998278 999999867
149 1325
999998162 999999929
100 1083
999998657 999999398
417 1914
999998072 999999790
139 818
999998838 999999976
809 1088
999998365 999999554
939 1070
999998319 999999477
121 1971
999998754 999999170
79 706
999998054 999999468
129 747
9
750250429 828040363
461104550 945465205
252473490 800108833
911603456 937964378
798327754 994499014
23454371 937802265
530839589 648891889
601000307 751239585
682515681 894204957
64
400971105 510831918
400971105 510831918
400971105 510831918
400971105 510831918
400971105 510831918
400971105 510831918
400971105 510831918
400971105 510831918
400971105 510831918
400971105 510831918
400971105 510831918
400971105 510831918
400971105 510831918
400971105 510831918
400971105 510831918
400971105 510831918
400971105 510831918
400971105 510831918
400971105 510831918
400971105 510831918
400971105 510831918
400971105 510831918
400971105 510831918
400971105 510831918
400971105 510831918
400971105 510831918
400971105 510831918
400971105 510831918
400971105 510831918
400971105 510831918
400971105 510831918
400971105 510831918
400971105 510831918
400971105 510831918
400971105 510831918
400971105 510831918
400971105 510831918
400971105 510831918
400971105 510831918
400971105 510831918
400971105 510831918
400971105 510831918
400971105 510831918
400971105 510831918
400971105 510831918
400971105 510831918
400971105 510831918
400971105 510831918
400971105 510831918
400971105 510831918
400971105 510831918
400971105 510831918
400971105 510831918
400971105 510831918
400971105 510831918
400971105 510831918
400971105 510831918
400971105 510831918
400971105 510831918
400971105 510831918
400971105 510831918
400971105 510831918
400971105 510831918
400971105 510831918
6
554209712 942912849
882007633 912982025
52098055 336351748
204648076 488416627
757096809 832989942
45568578 322200478
1
63487760 826223364
25
807 1882
999998159 999999491
202 1847
999998424 999999722
649 911
999998185 999998310
375 709
999998022 999999611
749 1272
999998599 999999109
451 596
999998427 999999664
830 1839
999998010 999999706
74 1225
999998928 999999291
676 1140
999998281 999999736
95 1294
999998852 999999507
554 1249
999998816 999998975
504 1769
999998061 999998419
594 1809
9
907327320 947127294
924457136 960419638
400269564 597903158
422741162 448084193
71924920 506789354
60891131 962530576
182074040 856143563
286247596 942902933
608242943 963449675
27
424187303 742226762
231377492 362932829
383094373 847555337
107600162 293442290
889821724 948096352
461468018 710078767
584345523 722278734
899555959 947479574
375636414 737391663
695871443 893761032
43410022 169649805
907473490 956433287
690273058 764042110
513090361 792334467
460799839 506208898
41799947 392976057
37172975 532212436
220931713 262187441
298627659 502700756
532211541 960910665
993068960 997231095
849176064 948909093
773727545 823044119
284561503 366977153
732429203 770525365
677473151 856864829
714439733 892436388
62
1 1000000000
711687408 856045485
77436402 342908626
800514844 852324969
80415436 973956178
810575689 845230590
590707461 969881469
460890628 667209926
276679721 594496537
303694039 845195553
133611767 978551634
524419103 980163747
177118284 802437920
174146912 303630064
794328503 868921800
838531261 893598879
735362141 824941562
766400262 945005512
908332439 921136587
767295066 801808777
469397015 661676849
484183694 880778325
839789181 965722329
335650790 518930367
503328372 611220305
760441331 792985372
176407399 812210331
774030291 942821342
67136004 427537647
418414867 966161060
325102604 352371398
900779877 921169620
493263088 889930373
53384106 545491191
40621814 522892037
398045888 847730322
604835540 873698469
905823125 968177910
49740767 604475299
544013246 673066884
667427243 913616234
430261090 671442276
224821149 231109094
691142248 767152439
92551626 477667908
14647829 227619068
203659246 493251669
951130497 963526311
503665750 891089871
735258837 922843668
628347184 807585349
257476553 462581137
626248866 922753225
993328017 999727819
142543821 474925898
8956185 118221506
687296749 991665406
643668838 951095149
427211758 736885707
917946889 939760571
440792830 893666097
24117718 66594343
50
114265585 537644589
568530623 932810041
931763863 994537014
631564512 808980408
152039226 350251294
964892022 979477332
419462390 482240949
24928141 80254439
65465500 903986710
277949598 846962878
380164946 507686587
99427988 573000249
720119582 787703485
581767922 998698972
727863263 975210160
438839896 477885216
204139470 777823275
685546166 945739226
838493680 986805127
998209640 999103534
154823325 814912951
587265219 647445328
404848180 768391760
230512046 366202630
112476284 421741898
737359206 886189247
212825658 524369222
256675575 772841817
366559789 820210087
679985667 769478625
97828465 933857662
34913718 821334750
541065007 730679659
168322689 281859229
480439925 800497204
49482456 583731458
143658178 787291651
690763654 697896278
782844843 975395856
59494534 371498160
141430490 233965978
874506421 966857375
267863429 420617714
462458676 960526799
30143384 817267704
583114285 767093291
668060539 782330777
671535513 796066773
269236625 662102003
320680474 601763070
1
980865583 988871719
50
45653659 141926679
45653659 141926679
45653659 141926679
45653659 141926679
45653659 141926679
45653659 141926679
45653659 141926679
45653659 141926679
45653659 141926679
45653659 141926679
45653659 141926679
45653659 141926679
45653659 141926679
45653659 141926679
45653659 141926679
45653659 141926679
45653659 141926679
45653659 141926679
45653659 141926679
45653659 141926679
45653659 141926679
45653659 141926679
45653659 141926679
45653659 141926679
45653659 141926679
45653659 141926679
45653659 141926679
45653659 141926679
45653659 141926679
45653659 141926679
45653659 141926679
45653659 141926679
45653659 141926679
45653659 141926679
45653659 141926679
45653659 141926679
45653659 141926679
45653659 141926679
45653659 141926679
45653659 141926679
45653659 141926679
45653659 141926679
45653659 141926679
45653659 141926679
45653659 141926679
45653659 141926679
45653659 141926679
45653659 141926679
45653659 141926679
45653659 141926679
17
1 1000000000
60928366 831242109
863097626 870474832
988448717 990902770
470704209 560422439
590244950 780312545
844570118 949270161
962310913 989951788
598203742 823484536
945564342 972147069
535244345 558032062
306396158 580561199
15118436 944973547
62707420 795127584
29567493 616028525
620919505 864711160
193337430 536199924
3
920606553 965137304
542389639 753237903
423309768 987114328
15
514403105 564991742
132191320 279339540
154013199 474826518
239218596 630207586
571905179 971563849
882784179 950134452
857316360 925438510
574492096 584217069
562834389 816237176
798858346 943311096
953874965 964268066
128091833 451352613
681550095 864938635
713033621 863428100
333353149 381744345
14
639842322 803198884
701679116 824287083
572629040 690217639
308509439 958653976
832070275 871025754
681933439 919990011
166754706 987259350
184020606 386599899
439457268 479977775
23597979 619106899
42988341 828784371
160280839 490955178
127248705 771530514
498405306 998660978
7
5889411 452311860
190829569 509507009
778152461 881780414
183640480 801656761
302879162 722615248
254728668 526906026
672227808 954010147
97
810 1044
999998344 999999679
255 268
999998391 999998828
26 943
999998390 999999747
748 1967
999998632 999999570
495 1049
999998096 999998810
149 487
999998325 999999933
320 1285
999998619 999999022
263 757
999998452 999998557
170 1438
999998665 999998830
441 1505
999998712 999999559
688 1952
999998693 999999056
738 1120
999998511 999999331
479 529
999998502 999998851
542 1114
999998789 999999572
435 746
999998912 999999265
711 1839
999998957 999999317
978 1691
999998568 999998988
948 1492
999998986 999999513
994 1780
999998863 999999113
956 1786
999998349 999999826
85 353
999998241 999998545
687 912
999998280 999999027
603 897
999998114 999999260
475 1053
999998792 999999134
247 1625
999998899 999999517
322 1950
999998938 999999897
601 1518
999998956 999999251
731 1996
999998009 999999609
642 1356
999998185 999999896
882 1112
999998542 999998917
719 1021
999998941 999999708
324 1335
999998838 999999474
700 1705
999998129 999998834
189 1264
999998595 999998975
953 975
999998761 999999098
432 1531
999998897 999999310
192 1514
999998765 999999244
887 1069
999998710 999998736
852 1293
999998205 999999852
529 1113
999998891 999999779
400 1693
999998349 999999708
609 1101
999998871 999999360
620 767
999998879 999999160
539 625
999998777 999999211
289 417
999998996 999999252
956 1770
999998247 999998982
64 1548
999998067 999999341
447 1549
999998683 999999096
965 1448
6
390841398 601125881
390841398 601125881
390841398 601125881
390841398 601125881
390841398 601125881
390841398 601125881
90
873908241 980857639
727692462 765448384
499427269 513821799
986350711 995832725
769107367 943207685
625171458 779252085
506702678 593099022
427973518 618961045
875668984 957081355
855697356 953724679
169914591 728001386
177764338 587502290
984355268 991565951
993166507 998230112
744525477 892451074
137282085 191141869
908879769 965744344
273223527 592813201
422812959 666279519
435985351 508334417
366995378 914470600
392623856 803402958
443796347 727758123
888421399 914069198
105940225 408740576
156929350 829692442
874206891 965464274
851946592 968771283
444789133 561843149
120319176 425425441
930710160 990800376
159141913 875799909
370829432 613859553
124291709 201017072
840185734 857885294
865153609 875327223
247078198 405295172
141632749 613803939
960900567 984922552
706797411 707882916
886392971 970624949
293114335 443379688
436022757 886357134
736051582 827824455
788174451 959960635
169345046 528861631
541243518 969854082
590699761 779150721
512473425 960741909
597759840 733256218
477323227 693300472
708758908 841760963
898322817 924460606
261712544 654360015
676005078 837713436
386106643 688826932
542986983 942293962
671453133 832305699
201589348 718945727
444830505 899150794
432955051 718187611
864889293 889253978
929920076 961864902
345990111 563259422
844079012 930725902
888116938 897838541
413297621 889998461
485965904 951306074
575839460 693425964
844583572 859851428
257320725 876034080
927115064 952303141
636737178 966728231
231177015 262449546
251228220 320690439
873532814 909938201
786103322 876377204
540402925 677529515
933357355 962151568
857399395 976588456
518570679 861888416
465941824 619120644
226911119 610567155
603493821 681981232
85702016 873823481
51150999 530427090
492081059 596620514
109775559 817040818
32046811 842765888
275873720 332404577
72
27 922
999998170 999998820
660 1777
999998214 999999779
645 1603
999998296 999999424
373 1411
999998210 999999252
320 1532
999998383 999999394
404 582
999998729 999999078
895 1944
999998938 999999189
89 1094
999998038 999998816
329 732
999998635 999999175
390 1910
999998345 999999959
716 951
999998191 999998726
595 1179
999998649 999998773
837 1715
999998545 999999405
746 961
999998414 999999904
349 1981
999998382 999998387
388 1629
999998343 999998841
210 1819
999998742 999998992
596 1856
999998315 999999074
404 1725
999998383 999998752
173 1722
999998995 999999137
631 1765
999998461 999998662
267 670
999998438 999998955
717 1287
999998216 999999380
686 1286
999998479 999999647
400 1738
999998810 999999993
367 902
999998770 999999862
327 1500
999998826 999999055
692 1835
999998754 999999687
172 1367
999998074 999999182
831 1034
999998007 999998554
108 465
999998409 999999426
863 1444
999998070 999998282
890 980
999998056 999999158
136 175
999998503 999999545
969 1640
999998153 999999298
486 993
999998519 999999120
15
239086383 560004641
851037629 894856310
104498103 771172953
248340655 890071823
173328080 992375632
881447459 896842607
979777758 998755772
494235161 726757418
482515847 493508339
500887649 795949480
794463930 920399826
96455481 842227924
454119168 903675229
923438153 940523112
605494232 731309808
5
202691525 503087181
106293117 639917686
177774547 964369928
877766628 978307584
475825421 972976097
2
63 548
999998124 999999839
13
589835953 754135850
221740984 464266443
607005790 857618955
20621693 920144148
522497619 605569129
698545184 768543295
435111397 905785912
65327164 81576694
382846823 858555622
118467295 740106686
391323146 714076703
5319594 346822673
164910284 276869355
34
190616189 190616193
295020657 295020659
27074446 27074446
884706778 884706778
534615013 534615017
680172034 680172035
434661173 434661176
597612973 597612973
925567372 925567377
305641929 305641933
15865988 15865993
677885484 677885489
197510197 197510198
946783185 946783187
44560068 44560073
637430532 637430536
601102075 601102080
677500417 677500418
211345849 211345850
255668836 255668838
657757794 657757799
696349822 696349823
739193415 739193420
964758997 964758997
98132533 98132537
444147692 444147694
37936729 37936729
791841336 791841336
736202937 736202937
452531769 452531773
377114654 377114656
153485730 153485731
788804968 788804971
891178204 891178204
1
80632921 830381845
25
97034287 819495492
97034287 819495492
97034287 819495492
97034287 819495492
97034287 819495492
97034287 819495492
97034287 819495492
97034287 819495492
97034287 819495492
97034287 819495492
97034287 819495492
97034287 819495492
97034287 819495492
97034287 819495492
97034287 819495492
97034287 819495492
97034287 819495492
97034287 819495492
97034287 819495492
97034287 819495492
97034287 819495492
97034287 819495492
97034287 819495492
97034287 819495492
97034287 819495492
17
443 596
999998557 999999980
506 736
999998633 999999126
772 930
999998359 999999380
877 902
999998095 999998459
33 496
999998852 999999826
319 1922
999998981 999999033
374 1216
999998778 999999159
652 1320
999998511 999999381
74 1688
33
494302608 840731514
514182570 990740897
250836391 540016044
897644910 999336696
353670024 441759453
150329385 933595718
580957676 608300562
296013422 998727672
582736114 841586912
155121885 229204493
744364712 768232632
533432353 562882914
154038199 485747345
702226249 958547817
302342691 621997409
171875059 570030829
108553929 284824124
205249561 591770434
758859463 820714230
456980983 961993462
104999142 619355097
23835828 994621995
199309724 983174576
710640983 975654666
562239583 985180034
933842482 981576536
664227716 773625633
621381217 883582763
5184729 889037591
43841569 991671113
821512983 942902328
476528462 686530468
39654789 380833472
20
951712883 989062616
271507231 506567167
581723610 937567367
311116102 591602844
694662929 925995146
275289449 615772404
856271915 950112679
738933043 764765775
430367938 485950418
963628040 986385205
186351279 983628836
821951717 877819969
1225457 321755780
304126731 574098363
144222340 835088436
197837959 632390052
419960451 729375990
222566148 817895615
455809080 644610663
685071317 999014720
23
160821774 932642634
160821774 932642634
160821774 932642634
160821774 932642634
160821774 932642634
160821774 932642634
160821774 932642634
160821774 932642634
160821774 932642634
160821774 932642634
160821774 932642634
160821774 932642634
160821774 932642634
160821774 932642634
160821774 932642634
160821774 932642634
160821774 932642634
160821774 932642634
160821774 932642634
160821774 932642634
160821774 932642634
160821774 932642634
160821774 932642634
50
647 1869
999998146 999999614
911 1941
999998085 999998949
662 1197
999998622 999998718
67 1859
999998151 999998749
852 1704
999998487 999999707
19 47
999998787 999999174
306 932
999998444 999998983
379 1757
999998534 999998949
928 1913
999998272 999999378
16 381
999998085 999998990
97 627
999998945 999999430
631 1252
999998531 999999747
108 459
999998396 999999889
881 1111
999998068 999998239
487 1050
999998685 999998987
876 1370
999998239 999998249
170 1301
999998915 999999775
909 984
999998193 999999884
684 1502
999998529 999999093
796 1362
999998566 999999138
324 1919
999998300 999999391
154 500
999998675 999999810
864 1749
999998773 999999073
840 1233
999998923 999998965
17 1560
999998630 999999361
10
475852463 477389904
807529672 952787239
541491171 728678598
2408293 980240114
276118010 570095095
38403838 766553191
646583258 674114613
264202351 650835692
360898948 664780013
879805155 959722515
77
517069983 726061601
297443977 671423848
675181141 776503065
493743468 712666151
439024729 772379770
693822610 795128098
382264099 966198597
72619397 731463782
589877066 805210754
351976527 690701520
489261229 521167201
997276223 997279148
426062743 855576512
361781487 713430791
468960596 812747557
353236651 571678615
849138644 977216041
577434588 653594424
200413361 658155403
748885186 896172205
405477193 510449350
380246683 909836650
649886499 957746905
873162651 951377841
12471412 471254113
656621484 858290690
24702566 424519229
995586973 997244950
792093175 964074066
352171350 810835848
951381360 968818087
697737287 922202699
217338378 850859160
240598209 464686096
561661159 657173041
569039838 597972955
57153 599592906
252867813 882817366
480254000 927595003
516249745 563660969
712859616 867467818
8766439 250700169
336109914 713288403
388941568 995343820
286094038 714884821
647380331 933671373
952962998 956865502
227510321 569460061
94033735 529989017
579037464 784274821
701326482 718838280
364392198 981670785
382673102 402574858
324510164 561975565
514030304 987698486
541655078 810932170
495118471 524071210
277880895 406793045
203000272 892373690
320245928 947205350
464150828 509959632
457874417 879137145
7686912 197437816
99681129 495769518
352394132 705138282
260179212 756520596
858505149 988915117
698247638 810832310
851987763 992904108
538021143 618025345
857818138 945806140
725482057 999732790
154567812 476424455
321507650 523627448
710047736 972985855
219011836 287759890
144858567 779156319
39
227436651 646844990
630419964 749876762
679579795 829540195
537193206 808196366
318682920 705930187
55324383 977782939
340923467 915312728
247594990 421866256
21828631 124339637
571817730 659289027
962159999 970312017
90568583 936339780
494002750 777689276
807833342 967208273
15535903 293283016
220742453 967785948
173574508 523868365
146110305 831101468
218251213 566610968
628523924 759985197
513886387 575207886
891881770 892678309
613584259 826493400
878215759 950185132
204632545 952344919
453607190 982574264
116739985 876755990
709722856 849159830
543452970 637247257
510222790 754122648
193139527 663035575
519116599 995772088
90898972 275510246
927151524 937503679
829216766 920795694
517282258 984241266
501714663 777649386
649001159 719935089
741740580 961770025
3
379 1335
999998622 999999508
512 1605
29
93969703 827390179
595648117 675728275
307521495 721687659
114710686 222106206
351238595 455974016
965353417 980794022
600922264 777374333
79967883 546070620
640353163 703644643
380571471 716009422
267388751 753079810
625666468 658394685
57822737 419528540
944143880 995958013
284746187 577654068
879789660 961204029
253475176 974029581
172758801 294341125
875060011 919888793
961935995 991544485
364674011 446215496
706170221 723849473
420949882 449139168
995706780 997490463
995208569 998211435
812880889 854952065
874328419 994442444
810233866 932583429
362557261 571106076
36
738093066 773366900
840811216 892434568
766388726 774454558
951152487 989182939
653421202 774657999
646456505 971877410
882132967 946019447
294999403 789161166
791269917 968933477
264532864 864874526
325043314 556360649
522308636 699640004
421188571 577348493
764238030 910476064
970868814 999691991
390041737 720255033
69943462 413728944
394552955 613408216
73983314 359158495
2672553 729526383
42626996 292661465
172662658 616446686
694817979 756136944
701760854 834417477
774997107 813666375
10909501 909511172
849964999 983881444
320768600 893016791
669870777 762571547
90232139 282486222
98855550 457689537
107842781 668069042
711495460 990833569
506592056 672715025
99534588 521416601
139222970 762069298
19
205 323
999998127 999998402
722 754
999998380 999998879
752 1937
999998403 999999290
41 1209
999998174 999999249
674 1316
999998158 999998817
614 1119
999998473 999999689
429 734
999998427 999999955
426 649
999998868 999999480
753 896
999998785 999999007
117 1802
28
477774700 554888046
112921372 733013891
663270484 820995511
751095443 865199384
472888999 956517996
826708286 895708827
843646310 944420661
382844994 918172783
641056604 654860042
547324937 835764073
140445343 313765129
11074433 482237054
995009262 995218191
359894354 607186263
545499209 851773106
514129891 855507749
876031148 914054427
652023629 820894989
457821513 978200908
852188323 986942791
757838616 810724736
433342457 497666559
102377801 828063780
783783093 812069965
275831827 498304037
236841091 545430351
18995820 768044893
360975586 761126910
3
407716767 407716771
180022598 180022600
344473303 344473306
52
294432625 424672120
180722431 413276367
343956290 952508833
3415337 832549432
847039447 939019506
738207213 998608063
525382253 658857290
278492739 631740243
98594216 419272470
174303639 660387576
401260799 937989565
737631838 822250624
885176486 991004167
659735223 834567737
80308456 444338001
798217023 832304535
847846646 900788138
894960938 953118186
208885059 908077211
136493813 283991907
885168052 993959204
971192631 977245210
780472018 972255838
104963068 984745558
334876432 744974278
490676064 890939534
63944408 196838650
654538989 836223580
583406677 986973446
989391968 992962812
569934146 893667208
344083204 584586209
648352390 745804579
137065720 700036240
726066931 950647495
399777245 472701911
100143105 603058286
574196836 939206522
28754966 426621030
749344538 851224788
118541496 469732794
69429013 826258302
224622284 767584814
203300662 486219895
24134994 134167539
568013765 812047232
118643645 908880447
480839904 986843197
176381623 218804841
826359910 891700324
498357084 518633839
447202565 635356434
8
430 519
999998136 999999770
145 1448
999998971 999999219
863 1746
999998534 999999257
289 1947
999998026 999999426
34
211684321 916201950
58830028 647334523
826026618 916483374
875053617 878069086
294406519 869351929
226132129 659233400
939197911 946837164
546506886 749349837
289282535 518733801
546234058 654538801
167410708 224167299
304919203 754510469
958485040 979890101
604249651 896875650
531860601 597739878
942417830 945019598
492751997 876563669
176933990 538413586
780272553 973369019
890949980 985866853
998327943 999833826
984739592 994238581
12213128 953207796
661483740 887879774
151938383 725709722
485205212 864868253
821673547 912646122
314333777 376757109
139457829 928128200
550096347 895202613
341397607 632044018
148473932 974041584
163198182 595962916
804778637 906066529
5
12534157 947666637
12534157 947666637
12534157 947666637
12534157 947666637
12534157 947666637
29
844754560 972013142
806517787 975443308
5616151 378216837
116586563 127747758
55214721 580166190
296383599 940656787
487862887 495169910
162770638 353021621
396581646 586179222
393065078 911852510
820026473 998491672
858023039 957622799
645447091 693411147
868136016 920353796
171779543 181651236
971945068 984389690
62879597 300309880
698369981 956004331
192796549 608949045
604014262 939904408
265692975 552208291
529861171 822802389
168727162 590868873
562043912 607557498
451763963 901828183
776625751 942334491
739021935 776173158
445776917 563031728
41934184 648191165
26
639 1739
999998473 999999375
571 1933
999998494 999999796
117 1211
999998031 999998581
717 1138
999998989 999999198
393 1776
999998853 999999033
315 1956
999998641 999999741
803 1460
999998655 999998767
188 325
999998796 999998991
919 1677
999998242 999999323
723 1555
999998252 999999966
552 1638
999998811 999999459
853 1038
999998674 999999081
218 1729
999998881 999999993
30
431780313 431780318
403697333 403697336
653219650 653219653
437087006 437087006
337686152 337686155
51324642 51324645
24224899 24224903
607335600 607335605
609729001 609729006
312178578 312178579
320649271 320649274
350925005 350925010
567039748 567039748
835711693 835711693
217530229 217530229
918677202 918677204
482811523 482811524
697241314 697241315
977345373 977345374
308327404 308327408
619414448 619414450
115198906 115198911
766996080 766996080
865663004 865663007
620575363 620575363
10774274 10774277
440952936 440952941
244458772 244458776
212121537 212121542
189048219 189048223
43
743496318 907077646
727946796 784497511
902922182 912211819
161486837 974896088
622277064 983840182
52143388 489608420
706184545 910770644
99910322 184243796
41091899 683760594
282721472 806197597
308074251 502144504
58254783 519350721
899801106 950132846
328667143 482020892
16544594 227643457
535880203 699464729
770631193 903567759
927017011 977177582
260816290 953873309
464200650 515813073
409597476 959688638
654810307 855803849
263692910 344685814
101033924 788733817
880875043 966516106
697340682 952943361
908656975 945344258
415787292 468050915
459906155 535002556
297227923 951912578
843440616 881520275
613362712 691864049
418419954 992166353
590809525 740942225
44850710 603148396
425095088 591198356
990749267 990866402
174776844 490116295
753908145 797387260
136231336 926767456
423415969 722989282
541428902 616417474
354178018 744530724
22
499 1922
999998683 999999065
5 1861
999998150 999999142
228 424
999998127 999998418
515 1340
999998659 999999751
195 734
999998569 999999250
617 657
999998080 999999784
431 1804
999998465 999999853
928 1993
999998961 999999551
254 1670
999998737 999999996
55 1783
999998529 999998659
905 1013
999998446 999999368
68
155190915 155190918
813148584 813148587
593160916 593160919
736373777 736373779
150640677 150640680
573123202 573123205
354802554 354802558
96271147 96271147
728596193 728596198
533585050 533585053
699198668 699198671
382360158 382360162
24556055 24556057
208024824 208024828
691380595 691380599
256438640 256438644
608653611 608653613
542215364 542215368
446709883 446709883
622587312 622587316
711957556 711957561
293436756 293436758
444344455 444344457
646717322 646717326
889866610 889866611
422855854 422855857
189589468 189589469
707277060 707277065
50204476 50204476
444697187 444697187
657640098 657640099
74023389 74023394
267371557 267371557
531106082 531106084
31837482 31837487
466973423 466973423
802290973 802290978
657786677 657786682
269349369 269349371
334136074 334136078
418289821 418289825
559100385 559100389
727987636 727987641
454744655 454744660
514998746 514998749
465027279 465027279
263033023 263033027
243382076 243382076
639945634 639945635
666856212 666856214
399939154 399939155
425137438 425137440
606110567 606110571
463201413 463201416
580566248 580566252
589250243 589250245
492436638 492436642
493120841 493120844
233514480 233514481
727711090 727711093
593370773 593370776
997984764 997984765
600522428 600522430
468714092 468714095
252187349 252187352
712956011 712956013
593285358 593285358
12449532 12449537
