1
1000
452592686 958238463
724528744 746133620
505156273 571630046
39794429 818669423
711197733 902401883
841186304 882253210
61205763 690325436
684905577 783141894
3853895 786052609
351743738 545911540
202927835 766665361
259517210 878737193
502203708 911817059
425666266 990912424
616838764 956782156
78568451 923270884
13625897 553537804
441878225 817116227
306909571 741657602
547552558 668415385
232244796 364034747
93530037 827140454
560324618 922305821
439196388 760745904
466420464 855423752
890242688 990052143
715998028 767895055
362776237 415260680
152354165 609749622
908032974 942150822
212747508 342897256
392642568 885336043
99835945 419949731
884402559 958353294
946882895 981523212
572937064 673120707
755470623 848859639
79516122 873176209
551754797 753576966
911504036 972927369
71473019 97267315
637951024 851441796
711050244 950162228
660541689 948230423
576680648 629373935
116747233 539561187
620109763 743924910
758808116 883335725
529284354 966767774
47270316 71208148
931060489 962722613
369242784 446708504
347176242 470650268
922490867 978693720
735246987 948781048
790454700 902548418
839072854 958179733
45951292 600549596
186744928 207967810
265131699 846088438
704355521 912377913
52438045 690609250
980642471 986049437
777888830 902467699
202328129 657858462
763778934 994981776
281533961 500467135
343989912 609828947
517217549 739049738
286408484 437983841
328432428 671532223
985624352 986954608
47042872 544781455
459262722 660178114
430607414 732354468
327087974 767330876
51383037 609799553
144776567 968549420
705394292 763905118
533198284 646392611
840297936 988980351
834280353 845415000
567237532 863039073
132670647 482807786
799618675 976290137
931662054 981569669
202901949 758156253
639848010 880015786
701829067 960211417
559390249 983550797
835340802 901514991
879403192 949454649
393789575 631591589
388850544 709354842
512665425 591055596
220928674 388957106
32200227 47731489
905460599 926747208
881556687 978513486
113037457 354359010
589594753 946889427
742350939 867904877
136665254 728846429
723960706 981085588
670363775 796152450
819404983 848871608
530351982 875595032
144364453 635019826
381801021 658673353
563164626 573431746
130741473 798926144
774317737 783929361
120488185 877184879
27420388 657407212
983925521 990267780
500376113 505932025
436666620 722942965
133460054 768756462
442174743 842116153
72925718 199913828
823300123 932702793
513578561 904218829
613696212 974807790
382089803 962086134
532408080 584023292
1352069 130369422
174250545 852513894
270212507 353932466
999066453 999393953
198738137 450140700
175701026 520295452
457612062 721740504
284311042 618840259
751582680 921960798
573037297 906105471
158257825 178277246
123458299 982683308
497372610 574425207
328802136 361780305
139450037 744162080
219874654 786624751
564572385 899001348
781241806 899351127
548423877 630207735
59603098 979464848
299219989 441262697
218849409 528507198
186559605 564206928
851815652 867733083
471425540 710238597
982420721 988538463
635909719 884410413
479112350 880743456
158685554 810126451
456504689 805409936
925087829 947733612
11712135 910544449
294587650 926392905
635823595 813557901
251618495 939205543
878368066 906314411
670094025 924457439
679627974 732244395
110912139 136258044
715145799 942724660
896427315 930565691
926664002 995365698
752202776 768768226
336826824 773794701
656179932 875342705
649817571 887068569
740127322 993379853
142570589 850006235
173522162 282355570
20698854 145692228
875048932 878746476
337246103 968272786
686609382 868372601
963015490 995238817
500927436 844178515
535450370 664676520
344908988 606433343
465984012 735155800
657605063 728977676
554065410 754837474
92609868 526837369
462129661 624831232
372686657 776818543
416804350 453870811
991032600 993240216
664434329 918831945
55556202 461473710
680490210 903285104
521700255 568455701
905866848 969050453
135120239 440073351
716681963 884822029
384151369 426738429
496039339 698202788
922586242 978898050
216706197 404315550
758108067 810145566
246172212 764290258
339666070 400100355
328484348 617040819
135522790 678597394
391428558 467898971
743383156 869240073
638013876 962402606
232338009 831643390
529378678 648465859
18300682 572195584
633223268 969862211
109807894 539406633
92818491 526340043
320483960 843838519
587306501 906452494
933802053 991376642
549881816 999204458
862078077 974625418
528019563 734067589
536424642 703338204
298421657 355302532
810824277 857972906
608654522 910430499
293819579 660551609
545356644 665313029
620810163 829476657
806958406 866813099
39482123 744872912
538092082 724931393
875304181 963063787
764246119 844333216
457612449 662250398
700428802 870287381
765731367 873571599
918596550 966055939
721333965 958793806
449803841 897990231
454976924 674515765
991076980 995286495
828134951 879484649
414204268 965693497
588191462 733767710
236360270 259238192
646229321 830270405
418911003 592068590
739486557 930895331
860498 827424356
543139084 606990137
297468033 882634949
748490590 750624221
289731834 603779322
121692871 134186474
804512377 836236725
164046642 413375581
362602809 875954007
906525505 963398258
576828882 964476591
819138905 938531038
346310416 997380610
530126986 978353162
958873261 984898554
911037529 927494593
920021845 963235390
896536619 954983782
162069896 755942933
106184963 907942332
317533930 598866932
877356973 995463969
222707238 343342548
265592142 902095296
40439941 340943420
319180687 735305108
934990638 974793306
798791538 828417920
285407782 580227377
921575975 972383912
516471635 528070769
67048351 903683382
578030768 593871684
257255035 961097949
567916995 767665266
783853731 787665785
473365361 643698780
550593884 900079130
394509804 475212537
412970333 642377596
146731320 261480144
302086026 641603767
569591607 927464128
678292395 829762414
764845160 812935508
698920797 856306798
628014093 879081260
101687147 390888973
558670181 681462824
967067599 986294981
818756654 969777759
656831454 670423511
443084629 990694640
535850235 993551078
549814959 604693441
602006951 964540189
649480594 685133160
396161649 736073910
991277391 999202139
251032035 476163282
836466319 939680205
208196399 453989956
837522486 866938113
260117076 481059635
100817826 641962382
522974075 799747178
862267349 974028397
338974275 647367409
921577507 993735237
202487275 476687690
751079680 830085198
939634563 957257827
701508483 766149380
405878597 407033513
439644931 553176174
177227772 444319694
123119479 826153416
966073554 994255267
476567497 626902882
320324142 837337886
111587044 543473362
68992413 635888579
686018751 855969265
599924441 952308777
747865793 908377673
881896399 932940036
459740068 569607787
411871306 768640514
918162116 970581324
857601269 962132626
637492596 844911063
48476697 367918636
726230860 805856974
459522010 817085140
837458 690480778
738547570 836279123
749296980 879022345
399774883 990517250
708216295 919603252
770679206 947275847
671601441 910478150
649760060 914482667
478770695 614970461
76453927 270142611
423578368 647272215
560316358 581504318
88831999 964046437
603782899 859560376
640528131 687704718
198277651 662954919
605925494 847413806
830840325 952693146
459506930 528020032
626834424 807317893
568162284 871456870
690925438 922428896
524021730 840846068
682138642 750342513
167727324 470369604
675278670 938107454
536193167 623661584
314393907 682178408
747995747 877839451
768583657 797576536
693630293 769734929
511601788 956430379
15025756 338333966
399410580 857981071
243796951 579137523
162777569 881017499
844320150 944273024
650963591 799970613
612209933 815258586
831677714 977483546
368892781 963690051
906471362 945899188
897550061 940092793
841797254 978591302
931948059 989215524
663548522 730866904
407975008 434038961
212256302 873486643
942016868 976164909
914320547 942009829
257590119 371835140
83597480 190851162
144866686 453797476
297286912 677815809
539354285 792595425
161740354 383154643
625539805 960279702
103198706 486931926
113904678 750594035
875304493 920427897
409761794 679043254
518062231 535968012
199951419 972188899
405954724 469688492
486369152 528647530
20148858 593982996
601626189 704500756
296311015 934713410
127015226 834361141
473092788 923176340
873646478 892084695
843559902 927759951
627662668 644805808
443168883 564557390
886780304 976766545
481333592 771801326
789113195 992345522
132367913 143416882
690645449 900377800
546410165 796671548
21462964 852596977
61661729 405445608
449639930 878569966
661873142 963805116
936692010 981978986
851976372 945962873
230673429 546241841
6458349 28414190
561960175 590069638
738159002 783369018
373704232 829005933
918534975 957026583
882296762 901788254
161380738 351727527
196541760 570686576
694041136 861330685
543132652 626394496
956335704 978441840
704632202 842763909
273556398 304266313
189468279 542585123
650558620 757750690
53398453 539189775
286992732 698169749
64725270 439662031
181214728 996303976
515892616 840644238
448526470 756917510
797292873 905441426
43414322 699810769
179018843 447737059
5756986 650759873
158843286 227649548
347710368 605198370
276056900 385985228
521890052 856428701
937532203 985113987
820598754 916407890
659437478 897967816
702562549 809521138
27520048 120066896
749001697 840485106
124320908 542916503
500051683 534221942
530196432 571828299
379158373 841549811
40562403 155706464
518272794 977647947
530025684 734297367
330466458 864274117
9209564 927221050
926107061 995808559
980553259 985780513
262155876 861394877
153844500 856399323
571756162 911747822
519329463 785274328
630747105 737919018
713117271 929281982
484669134 654041566
924282736 969213578
458815196 775820793
276817561 479038699
200742308 968784255
924140913 933968747
464190188 623210994
371937177 556048106
689143048 849749739
672141389 677749144
656668673 738395524
748826659 937300060
537491758 547940771
125624168 314052960
78477217 654282735
351913196 986283032
310885967 313515104
879460775 971214459
473836518 647114101
90039774 836809408
495362610 703737546
136145429 925236808
992903317 997453664
458928291 890586101
355648090 955830548
134081510 363873115
151968429 279884635
1883144 971234341
506933087 831461896
512456643 661804856
595359148 688738776
787351636 894861483
926266379 954438086
718345073 838100435
518194642 782061328
621876428 941098963
494450826 672785973
192583029 447208282
875222872 881688154
53223917 104115934
929106222 968721509
149215295 637484120
69381716 926387330
296681971 743398267
902903865 953745411
721085525 904663208
437415954 446262803
511216752 857578266
302857650 456917759
100923176 695526513
763624708 846707847
69500890 276623628
769047369 779351163
720091538 883271814
669109200 918419047
675543010 911646093
216748754 737516640
709872377 893779094
611761439 637337574
989769389 990069851
470703458 824948343
491431569 721685654
448718812 871191230
619940802 737279039
326545179 508521112
85187573 188689094
864048398 918575846
23605124 658642391
924052910 928889325
463731514 588427476
9431667 448998428
541948520 727786010
231160581 371244015
29966563 164039224
31250205 589506518
339031131 438376904
673503865 765441342
14984918 728904162
252110925 410972899
151972673 192785001
30872975 98838472
339299298 621199915
369669926 647162014
166006812 619831601
729159548 915813877
861837371 996620335
890389115 965611153
614094813 808045944
473039253 763445902
817515718 938659996
345354114 842691343
411878671 981299976
803076567 940765436
629580605 756220186
756937980 838081701
599834173 799516494
233091045 722025755
532135972 588309595
225351110 501058641
432675869 611380737
410180748 971404308
431186397 618509854
47771379 680936421
690592998 885770818
769270115 978898220
959741343 969282362
434358111 933897641
176154798 737293188
235051313 788024085
782232924 856287363
375724155 698022978
620414214 974436546
876027853 958855115
777700617 830140788
584948274 966628700
101107818 192608953
100119103 768865437
802926677 959592656
923997361 976618382
445691226 587461855
224048801 355361529
158432550 684298825
95591675 270969644
440510167 742871202
375990937 937900667
878935186 907885262
478672116 792691212
24683470 383566885
705320519 849513515
236922915 464934847
408221711 966614975
122256811 550162182
59831902 535921138
140388812 794662035
103088210 647588615
498472935 631963707
242891852 999886313
501746499 731834051
335728748 992653876
99876741 739550708
27965968 124805656
821675441 961914214
341883568 880055844
7350318 446682470
354393863 725249610
883579315 888913029
996488253 996501429
734005071 759323570
427584089 772282323
960954297 963424226
855939745 882664296
469287469 660432235
430920609 698879413
975144178 985147526
11865581 547734439
178876370 884618887
389141123 545261319
447326980 703821430
129397693 931047263
688037817 705959643
507800679 807866765
890752518 894838936
92707678 901961953
373500000 805642725
755550397 942974576
825082331 910005587
726660264 820516657
310680981 804496800
699897317 735301599
889037727 921997081
529000386 954805883
535981548 812697830
894346170 923054257
984050540 998438762
305240444 390116711
880085013 956190536
895943967 925695467
630107017 955334845
106689994 110695297
559755912 754247727
754844995 950870106
959965613 972033017
159196138 797359543
145138083 787066095
679887131 898577829
4291482 429834842
251794670 611432989
914606606 952722521
912252279 995711143
780678886 959689142
72669672 340659654
820528649 832675241
916649835 960866915
478141419 723806373
624528278 783236814
47455734 838017603
882887220 912131097
319811078 337663680
938758322 950710421
892897020 934564359
543009491 951736470
185082591 400297767
594930077 595233814
456509219 519498327
842056841 864985899
844632910 965344768
918847729 977040112
372419900 920149985
37106703 473216839
397854237 688466487
870383886 890331518
557987942 644855094
996627984 998101667
214056106 655945183
966711207 979780320
491059152 934292625
299941128 422651891
231074599 630925291
885970493 925659168
509437332 993398197
271712651 986955924
176587911 507660558
49913434 215311536
370919793 507150261
999578298 999663526
272743664 447530595
324578552 540499495
342321656 765870052
348850164 524575877
608979338 623765382
634154780 783734937
515261531 735288722
47560482 498760898
960397833 969861691
561028870 776861918
156099813 995768826
84814715 473626141
342960202 736624080
177039049 239161260
938136218 963731171
333953247 490235363
200638651 354929078
574307706 966267615
971486700 986238701
374397431 539286639
994939355 999524356
516047500 889491505
813555151 988214643
857666041 906280737
840432995 904530838
13003571 783815775
732337030 742701231
303185540 501177867
250543921 505860859
882643401 924843609
332157474 472384685
166697207 292608036
926568741 943509726
972793352 975196094
864927736 944964392
895538395 961434644
28314355 514138661
628037014 642696872
713272889 953907463
795331285 967984652
918421499 976026021
791896677 994800639
908583611 917459344
462877602 797270980
84714628 584089428
212786175 878583963
835773049 973572688
788380674 828462950
849920419 985950616
443387252 731890059
850221929 955244448
590933672 715927838
461103035 525414395
5395717 521695807
208934993 352349758
989280237 992690403
261655919 620774693
785419851 837186886
991535978 998085606
723430241 906686109
27254264 318515896
62657080 857598811
686424622 903950031
549262417 846857917
507885524 550555410
218557940 774719418
353793929 379367158
633472128 765881033
531253438 723380487
496215575 614197244
122595547 189294395
205850240 746111754
857536858 990913165
888389470 891130024
657237672 816438634
95204935 577372206
426822274 673255771
669828759 718984951
87463120 863575761
308130361 818144329
111966534 300438526
664696132 835349256
382252098 839215717
58126179 945034775
977742211 984327016
497210559 606090352
656913893 710298532
177097184 911841419
86138965 116452081
23678924 602327159
182387157 261204677
791075780 924113983
600520247 693753234
657157405 924652686
513374589 633276442
678239971 824773081
365525079 585625138
515152738 706252732
460002248 842869302
162544253 750814689
566892352 617292731
138905508 526313476
748549866 873177760
919631193 928713389
291799905 517334370
102161115 975563141
506316851 599752440
79037992 395368556
618461387 780041093
591818419 791234705
218118323 892626759
698433570 880481141
57627897 828217470
499616257 760731221
824859593 978508558
182261114 465355784
263343616 420085298
621583526 976265538
247923400 909323866
732424405 974076377
149101123 195544541
425437196 589739874
535802774 806862355
76806489 390279209
397779769 402038223
394945301 471481364
48407867 639798394
550798962 707701219
240357129 395389314
246614612 902274398
412184493 823914853
886691565 899561925
239226065 277304673
146313131 321614872
743321651 842764869
959015562 981492213
658918066 805108780
854405640 865773943
961850770 971756208
234890979 939255802
946003457 952461004
321045728 610268517
576881257 744632035
871565601 958241489
508869190 747110037
774948712 825173290
817627135 920422415
267580067 712146522
394138903 975777303
668799031 920608446
421120692 848301735
321467084 762525734
285041295 816697580
443574663 709329161
363350092 679588704
793352836 906802827
128000239 706807612
34583531 57552844
423750809 786406562
191131904 276248119
33588376 535166534
370027343 764000571
527286888 648584211
29732701 633947702
337855478 598421821
497793934 866142997
248678428 550612907
386301026 870838125
820792608 991668377
146768348 686984241
485549724 688848413
983089282 997188456
209339538 827389252
238792700 801374227
119637852 400099244
92996478 268176850
999482668 999746911
808166805 943000876
352525912 867672940
690828734 802836960
81674731 160592099
732337351 989381997
623843397 842323501
502396588 695494388
81235897 547122297
807911145 899381499
66162423 649955654
810359226 952028915
643447811 948697015
139264179 919915560
807946697 900614316
778009718 856377576
285390712 545832634
84849940 252468894
871381286 937133559
198181735 280364917
451121502 669373843
577827705 633853403
557294086 614279539
127720776 373862264
215612906 858181191
54741928 96997822
786173207 975303738
703781105 932209169
851477451 875432567
685593243 803402889
215875449 329489977
72453384 647907112
415807161 423516170
48958779 459609157
762095 490523787
824206652 992973090
486946533 519952066
389665562 649021295
873899758 897370180
57063645 701836202
747501052 752091844
461296058 732861273
393285331 714710672
6999143 160258888
90896014 909690820
728016441 820738814
342874362 674477325
434103710 550542617
929666214 976041679
141234735 320628110
226089450 720837673
457199124 576492208
579339056 848123118
152094617 787603067
260979333 790600426
373939740 955602433
878608093 962070873
775538773 946915025
605401885 626658045
535558860 624252157
168290308 253950180
867367774 988873060
333013525 535308697
258254957 329171758
5644369 908274872
365027311 404439179
7849964 922748738
9657085 586102676
929892880 948102996
547631953 582341888
966891027 972890647
371239035 973815596
416695832 837790958
456525256 567298563
534396120 971540487
453991996 934046586
241970490 407408357
6487285 836724560
998454398 999620466
295288991 862106542
824461396 845629272
713889175 955651429
115389565 588137065
475783833 802608179
11121364 985453126
75070900 480403311
643494268 733572491
818727099 969531251
424273403 948777998
798145289 859553357
797286961 922387328
526616708 891914537
418061183 954731028
93729548 768110446
162673359 367519307
74359778 957459929
993861067 996761155
511604037 609054674
232435704 654801993
377963781 779686633
186098982 958639466
215640996 368988967
411198060 580276321
13105766 886283461
595810163 623810515
48785871 737673397
845819724 862071967
947905181 963420714
159212512 410331164
308255118 847786131
742160569 839289886
742873265 797225867
921292388 936578248
478120293 653619967
26552588 156637860
238697689 765808827
256641108 906547317
490519204 798246091
